     
 Collinear #          43
 ME*wgt:
   0.0000000000000000        0.0000000000000000        2.8798014867255330E-022
   0.0000000000000000        0.0000000000000000        2.8798014867255330E-022
   0.0000000000000000        0.0000000000000000        2.8798014867255330E-022
   0.0000000000000000        0.0000000000000000        2.8798014867255330E-022
   0.0000000000000000        0.0000000000000000        2.8798014867255330E-022
   0.0000000000000000        0.0000000000000000        2.8798014867255330E-022
   0.0000000000000000        0.0000000000000000        2.8798014867255330E-022
   0.0000000000000000        0.0000000000000000        2.8798014867255330E-022
   0.0000000000000000        0.0000000000000000        2.8798014867255330E-022
   0.0000000000000000        0.0000000000000000        2.8798014867255330E-022
 wgt:
   1.0000000129136117        5.3981680334074607E-004   5.3981679636976151E-004
   1.0000000012377688        5.3981679703792994E-004   5.3981679636976151E-004
   1.0000000001232650        5.3981679643630204E-004   5.3981679636976151E-004
   1.0000000000123213        5.3981679637641277E-004   5.3981679636976151E-004
   1.0000000000012319        5.3981679637042656E-004   5.3981679636976151E-004
   1.0000000000001230        5.3981679636982798E-004   5.3981679636976151E-004
   1.0000000000000124        5.3981679636976824E-004   5.3981679636976151E-004
   1.0000000000000011        5.3981679636976216E-004   5.3981679636976151E-004
   1.0000000000000000        5.3981679636976151E-004   5.3981679636976151E-004
   1.0000000000000000        5.3981679636976151E-004   5.3981679636976151E-004
