     
 Collinear #          43
 
 part:           1
 comp:           0
   1.0000000139655236        276.25000385797591        276.25000000000000     
   1.0000000013381731        276.25000036967032        276.25000000000000     
   1.0000000001332601        276.25000003681311        276.25000000000000     
   1.0000000000133205        276.25000000367976        276.25000000000000     
   1.0000000000013320        276.25000000036795        276.25000000000000     
   1.0000000000001332        276.25000000003678        276.25000000000000     
   1.0000000000000131        276.25000000000364        276.25000000000000     
   1.0000000000000013        276.25000000000034        276.25000000000000     
   1.0000000000000000        276.25000000000000        276.25000000000000     
   1.0000000000000000        276.25000000000000        276.25000000000000     
 comp:           1
   0.0000000000000000        0.0000000000000000     
   0.0000000000000000        0.0000000000000000     
   0.0000000000000000        0.0000000000000000     
   0.0000000000000000        0.0000000000000000     
   0.0000000000000000        0.0000000000000000     
   0.0000000000000000        0.0000000000000000     
   0.0000000000000000        0.0000000000000000     
   0.0000000000000000        0.0000000000000000     
   0.0000000000000000        0.0000000000000000     
   0.0000000000000000        0.0000000000000000     
 comp:           2
   0.0000000000000000        0.0000000000000000     
   0.0000000000000000        0.0000000000000000     
   0.0000000000000000        0.0000000000000000     
   0.0000000000000000        0.0000000000000000     
   0.0000000000000000        0.0000000000000000     
   0.0000000000000000        0.0000000000000000     
   0.0000000000000000        0.0000000000000000     
   0.0000000000000000        0.0000000000000000     
   0.0000000000000000        0.0000000000000000     
   0.0000000000000000        0.0000000000000000     
 comp:           3
   1.0000000139655236        276.25000385797591        276.25000000000000     
   1.0000000013381731        276.25000036967032        276.25000000000000     
   1.0000000001332601        276.25000003681311        276.25000000000000     
   1.0000000000133205        276.25000000367976        276.25000000000000     
   1.0000000000013320        276.25000000036795        276.25000000000000     
   1.0000000000001332        276.25000000003678        276.25000000000000     
   1.0000000000000131        276.25000000000364        276.25000000000000     
   1.0000000000000013        276.25000000000034        276.25000000000000     
   1.0000000000000000        276.25000000000000        276.25000000000000     
   1.0000000000000000        276.25000000000000        276.25000000000000     
 
 part:           2
 comp:           0
  0.99999999894808833        276.25007330155159        276.25007359214226     
  0.99999999989959609        276.25007356440568        276.25007359214226     
  0.99999999999000544        276.25007358938126        276.25007359214226     
  0.99999999999900102        276.25007359186628        276.25007359214226     
  0.99999999999990019        276.25007359211469        276.25007359214226     
  0.99999999999999012        276.25007359213953        276.25007359214226     
  0.99999999999999922        276.25007359214203        276.25007359214226     
   1.0000000000000000        276.25007359214226        276.25007359214226     
   1.0000000000000000        276.25007359214226        276.25007359214226     
   1.0000000000000000        276.25007359214226        276.25007359214226     
 comp:           1
   0.0000000000000000        0.0000000000000000     
   0.0000000000000000        0.0000000000000000     
   0.0000000000000000        0.0000000000000000     
   0.0000000000000000        0.0000000000000000     
   0.0000000000000000        0.0000000000000000     
   0.0000000000000000        0.0000000000000000     
   0.0000000000000000        0.0000000000000000     
   0.0000000000000000        0.0000000000000000     
   0.0000000000000000        0.0000000000000000     
   0.0000000000000000        0.0000000000000000     
 comp:           2
   0.0000000000000000        0.0000000000000000     
   0.0000000000000000        0.0000000000000000     
   0.0000000000000000        0.0000000000000000     
   0.0000000000000000        0.0000000000000000     
   0.0000000000000000        0.0000000000000000     
   0.0000000000000000        0.0000000000000000     
   0.0000000000000000        0.0000000000000000     
   0.0000000000000000        0.0000000000000000     
   0.0000000000000000        0.0000000000000000     
   0.0000000000000000        0.0000000000000000     
 comp:           3
  0.99999999894808833       -276.25007330155159       -276.25007359214226     
  0.99999999989959609       -276.25007356440568       -276.25007359214226     
  0.99999999999000544       -276.25007358938126       -276.25007359214226     
  0.99999999999900102       -276.25007359186628       -276.25007359214226     
  0.99999999999990019       -276.25007359211469       -276.25007359214226     
  0.99999999999999012       -276.25007359213953       -276.25007359214226     
  0.99999999999999922       -276.25007359214203       -276.25007359214226     
   1.0000000000000000       -276.25007359214226       -276.25007359214226     
   1.0000000000000000       -276.25007359214226       -276.25007359214226     
   1.0000000000000000       -276.25007359214226       -276.25007359214226     
 
 part:           3
 comp:           0
  0.99999999644585069        172.50547570959608        172.50547632270630     
  0.99999999889785018        172.50547613257942        172.50547632270630     
  0.99999999965213693        172.50547626269801        172.50547632270630     
  0.99999999989001709        172.50547630373364        172.50547632270630     
  0.99999999996522104        172.50547631670673        172.50547632270630     
  0.99999999998900191        172.50547632080907        172.50547632270630     
  0.99999999999652212        172.50547632210635        172.50547632270630     
  0.99999999999890021        172.50547632251659        172.50547632270630     
  0.99999999999965217        172.50547632264630        172.50547632270630     
  0.99999999999988998        172.50547632268731        172.50547632270630     
 comp:           1
   1.0000001285603091        69.312694811486111        69.312685900625794     
   1.0000000398668327        69.312688663903046        69.312685900625794     
   1.0000000125828581        69.312686772777482        69.312685900625794     
   1.0000000039782879        69.312686176371614        69.312685900625794     
   1.0000000012580212        69.312685987822618        69.312685900625794     
   1.0000000003978204        69.312685928199798        69.312685900625794     
   1.0000000001258018        69.312685909345461        69.312685900625794     
   1.0000000000397822        69.312685903383198        69.312685900625794     
   1.0000000000125802        69.312685901497758        69.312685900625794     
   1.0000000000039782        69.312685900901528        69.312685900625794     
 comp:           2
  0.99999995732552072       -130.19829433417485       -130.19829989031950     
  0.99999998676655066       -130.19829816734691       -130.19829989031950     
  0.99999999582322940       -130.19829934651108       -130.19829989031950     
  0.99999999867944178       -130.19829971838507       -130.19829989031950     
  0.99999999958241093       -130.19829983595011       -130.19829989031950     
  0.99999999986794696       -130.19829987312642       -130.19829989031950     
  0.99999999995824118       -130.19829988488257       -130.19829989031950     
  0.99999999998679467       -130.19829988860019       -130.19829989031950     
  0.99999999999582423       -130.19829988977583       -130.19829989031950     
  0.99999999999867950       -130.19829989014758       -130.19829989031950     
 comp:           3
   1.0000000000000000       -39.180067456104233       -39.180067456104233     
   1.0000000000000000       -39.180067456104233       -39.180067456104233     
   1.0000000000000000       -39.180067456104233       -39.180067456104233     
   1.0000000000000000       -39.180067456104233       -39.180067456104233     
   1.0000000000000000       -39.180067456104233       -39.180067456104233     
   1.0000000000000000       -39.180067456104233       -39.180067456104233     
   1.0000000000000000       -39.180067456104233       -39.180067456104233     
   1.0000000000000000       -39.180067456104233       -39.180067456104233     
   1.0000000000000000       -39.180067456104233       -39.180067456104233     
   1.0000000000000000       -39.180067456104233       -39.180067456104233     
 
 part:           4
 comp:           0
  0.99999998283382985        204.19566790278810        204.19567140804574     
  0.99999999467673284        204.19567032105763        204.19567140804574     
  0.99999999831985864        204.19567106496814        204.19567140804574     
  0.99999999946879425        204.19567129957582        204.19567140804574     
  0.99999999983202126        204.19567137374520        204.19567140804574     
  0.99999999994688049        204.19567139719896        204.19567140804574     
  0.99999999998320221        204.19567140461569        204.19567140804574     
  0.99999999999468803        204.19567140696105        204.19567140804574     
  0.99999999999832023        204.19567140770275        204.19567140804574     
  0.99999999999946887        204.19567140793728        204.19567140804574     
 comp:           1
  0.99999985699619220       -73.759100896834354       -73.759111444668150     
  0.99999995565420663       -73.759108173761831       -73.759111444668150     
  0.99999998600348250       -73.759110412297460       -73.759111444668150     
  0.99999999557475916       -73.759111118266318       -73.759111444668150     
  0.99999999860064281       -73.759111341452808       -73.759111444668150     
  0.99999999955748531       -73.759111412028659       -73.759111444668150     
  0.99999999986006460       -73.759111434346636       -73.759111444668150     
  0.99999999995574851       -73.759111441404201       -73.759111444668150     
  0.99999999998600653       -73.759111443636002       -73.759111444668150     
  0.99999999999557487       -73.759111444341755       -73.759111444668150     
 comp:           2
   1.0000006949641467        9.4635719314190823        9.4635653545804601     
   1.0000002155099010        9.4635673940724931        9.4635653545804601     
   1.0000000680197123        9.4635659982894520        9.4635653545804601     
   1.0000000215056073        9.4635655581001803        9.4635653545804601     
   1.0000000068005401        9.4635654189378151        9.4635653545804601     
   1.0000000021505155        9.4635653749320046        9.4635653545804601     
   1.0000000006800525        9.4635653610161814        9.4635653545804601     
   1.0000000002150515        9.4635653566156144        9.4635653545804601     
   1.0000000000680054        9.4635653552240324        9.4635653545804601     
   1.0000000000215052        9.4635653547839755        9.4635653545804601     
 comp:           3
   1.0000000000000000        166.88515598295493        166.88515598295493     
   1.0000000000000000        166.88515598295493        166.88515598295493     
   1.0000000000000000        166.88515598295493        166.88515598295493     
   1.0000000000000000        166.88515598295493        166.88515598295493     
   1.0000000000000000        166.88515598295493        166.88515598295493     
   1.0000000000000000        166.88515598295493        166.88515598295493     
   1.0000000000000000        166.88515598295493        166.88515598295493     
   1.0000000000000000        166.88515598295493        166.88515598295493     
   1.0000000000000000        166.88515598295493        166.88515598295493     
   1.0000000000000000        166.88515598295493        166.88515598295493     
 
 part:           5
 comp:           0
   1.0000000234265969        175.79885638761678        175.79885226924793     
   1.0000000072646384        175.79885354636303        175.79885226924793     
   1.0000000022928812        175.79885267233382        175.79885226924793     
   1.0000000007249341        175.79885239669051        175.79885226924793     
   1.0000000002292400        175.79885230954804        175.79885226924793     
   1.0000000000724918        175.79885228199191        175.79885226924793     
   1.0000000000229239        175.79885227327793        175.79885226924793     
   1.0000000000072491        175.79885227052233        175.79885226924793     
   1.0000000000022924        175.79885226965092        175.79885226924793     
   1.0000000000007250        175.79885226937537        175.79885226924793     
 comp:           1
   1.0000020423104803        4.4464346250238451        4.4464255440423566     
   1.0000006333249367        4.4464283600745329        4.4464255440423566     
   1.0000001998914174        4.4464264328446612        4.4464255440423566     
   1.0000000631991257        4.4464258250525637        4.4464255440423566     
   1.0000000199849362        4.4464256329038871        4.4464255440423566     
   1.0000000063197796        4.4464255721427861        4.4464255440423566     
   1.0000000019984894        4.4464255529284911        4.4464255440423566     
   1.0000000006319778        4.4464255468523985        4.4464255440423566     
   1.0000000001998490        4.4464255449309702        4.4464255440423566     
   1.0000000000631979        4.4464255443233611        4.4464255440423566     
 comp:           2
   1.0000000468980157        120.73474019795849        120.73473453573902     
   1.0000000145431769        120.73473629160563        120.73473453573902     
   1.0000000045901498        120.73473508992953        120.73473453573902     
   1.0000000014512551        120.73473471095592        120.73473453573902     
   1.0000000004589182        120.73473459114641        120.73473453573902     
   1.0000000001451224        120.73473455326034        120.73473453573902     
   1.0000000000458917        120.73473454127975        120.73473453573902     
   1.0000000000145122        120.73473453749115        120.73473453573902     
   1.0000000000045892        120.73473453629309        120.73473453573902     
   1.0000000000014513        120.73473453591424        120.73473453573902     
 comp:           3
   1.0000000000000000       -127.70508852685069       -127.70508852685069     
   1.0000000000000000       -127.70508852685069       -127.70508852685069     
   1.0000000000000000       -127.70508852685069       -127.70508852685069     
   1.0000000000000000       -127.70508852685069       -127.70508852685069     
   1.0000000000000000       -127.70508852685069       -127.70508852685069     
   1.0000000000000000       -127.70508852685069       -127.70508852685069     
   1.0000000000000000       -127.70508852685069       -127.70508852685069     
   1.0000000000000000       -127.70508852685069       -127.70508852685069     
   1.0000000000000000       -127.70508852685069       -127.70508852685069     
   1.0000000000000000       -127.70508852685069       -127.70508852685069     
 
 part:           6
 comp:           0
   1.0484750690139537        7.7159526472820523E-005   7.3592142296130875E-005
   1.0046463333498599        7.3934075921169024E-005   7.3592142296130875E-005
   1.0004627123295267        7.3626194287727578E-005   7.3592142296130875E-005
   1.0000462521095370        7.3595546087957422E-005   7.3592142296130875E-005
   1.0000046250198067        7.3592482661246605E-005   7.3592142296130875E-005
   1.0000004625000689        7.3592176332501765E-005   7.3592142296130875E-005
   1.0000000462499881        7.3592145699766579E-005   7.3592142296130875E-005
   1.0000000046249988        7.3592142636494449E-005   7.3592142296130875E-005
   1.0000000004624996        7.3592142330167207E-005   7.3592142296130875E-005
   1.0000000000462499        7.3592142299534497E-005   7.3592142296130875E-005
 comp:           1
  -2.8539675607591155E-005  -0.0000000000000000     
  -8.8502157446411734E-006  -0.0000000000000000     
  -2.7933246844199697E-006  -0.0000000000000000     
  -8.8315786702499924E-007  -0.0000000000000000     
  -2.7927369804809157E-007  -0.0000000000000000     
  -8.8313928742011777E-008  -0.0000000000000000     
  -2.7927311045807339E-008  -0.0000000000000000     
  -8.8313910358746184E-009  -0.0000000000000000     
  -2.7927310077140829E-009  -0.0000000000000000     
  -8.8313913631183802E-010  -0.0000000000000000     
 comp:           2
  -1.7795202728262114E-005  -0.0000000000000000     
  -5.5183312357921970E-006  -0.0000000000000000     
  -1.7417079201800939E-006  -0.0000000000000000     
  -5.5067105530061412E-007  -0.0000000000000000     
  -1.7413414720507091E-007  -0.0000000000000000     
  -5.5065947045150705E-008  -0.0000000000000000     
  -1.7413378082797401E-008  -0.0000000000000000     
  -5.5065935582724071E-009  -0.0000000000000000     
  -1.7413377478809566E-009  -0.0000000000000000     
  -5.5065937623170900E-010  -0.0000000000000000     
 comp:           3
  0.94362758715123607       -6.9443575668188404E-005  -7.3592142296130875E-005
  0.99459987266494521       -7.3194735356872296E-005  -7.3592142296130875E-005
  0.99946224988344068       -7.3552568113033278E-005  -7.3592142296130875E-005
  0.99994624751096439       -7.3588186535308996E-005  -7.3592142296130875E-005
  0.99999462497622049       -7.3591746736616044E-005  -7.3592142296130875E-005
  0.99999946249987270       -7.3592102740345023E-005  -7.3592142296130875E-005
  0.99999994625001021       -7.3592138340553974E-005  -7.3592142296130875E-005
  0.99999999462500133       -7.3592141900573211E-005  -7.3592142296130875E-005
  0.99999999946249984       -7.3592142256575087E-005  -7.3592142296130875E-005
  0.99999999994624988       -7.3592142292175285E-005  -7.3592142296130875E-005
 
 part: i_fks+j_fks
 comp:           0
   1.0000000118616896        276.25015046107808        276.25014718428457     
   1.0000000011373642        276.25014749848162        276.25014718428457     
   1.0000000001132705        276.25014721557557        276.25014718428457     
   1.0000000000113223        276.25014718741238        276.25014718428457     
   1.0000000000011322        276.25014718459732        276.25014718428457     
   1.0000000000001132        276.25014718431584        276.25014718428457     
   1.0000000000000115        276.25014718428775        276.25014718428457     
   1.0000000000000013        276.25014718428491        276.25014718428457     
   1.0000000000000000        276.25014718428457        276.25014718428457     
   1.0000000000000000        276.25014718428457        276.25014718428457     
 comp:           1
  -2.8539675607591155E-005   0.0000000000000000     
  -8.8502157446411734E-006   0.0000000000000000     
  -2.7933246844199697E-006   0.0000000000000000     
  -8.8315786702499924E-007   0.0000000000000000     
  -2.7927369804809157E-007   0.0000000000000000     
  -8.8313928742011777E-008   0.0000000000000000     
  -2.7927311045807339E-008   0.0000000000000000     
  -8.8313910358746184E-009   0.0000000000000000     
  -2.7927310077140829E-009   0.0000000000000000     
  -8.8313913631183802E-010   0.0000000000000000     
 comp:           2
  -1.7795202728262114E-005   0.0000000000000000     
  -5.5183312357921970E-006   0.0000000000000000     
  -1.7417079201800939E-006   0.0000000000000000     
  -5.5067105530061412E-007   0.0000000000000000     
  -1.7413414720507091E-007   0.0000000000000000     
  -5.5065947045150705E-008   0.0000000000000000     
  -1.7413378082797401E-008   0.0000000000000000     
  -5.5065935582724071E-009   0.0000000000000000     
  -1.7413377478809566E-009   0.0000000000000000     
  -5.5065937623170900E-010   0.0000000000000000     
 comp:           3
  0.99999998393066092       -276.25014274512728       -276.25014718428457     
  0.99999999846101972       -276.25014675914105       -276.25014718428457     
  0.99999999984675048       -276.25014714194936       -276.25014718428457     
  0.99999999998468136       -276.25014718005281       -276.25014718428457     
  0.99999999999846823       -276.25014718386143       -276.25014718428457     
  0.99999999999984690       -276.25014718424228       -276.25014718428457     
  0.99999999999998479       -276.25014718428037       -276.25014718428457     
  0.99999999999999856       -276.25014718428417       -276.25014718428457     
  0.99999999999999978       -276.25014718428451       -276.25014718428457     
   1.0000000000000000       -276.25014718428457       -276.25014718428457     
