   0.0000000000000000        0.0000000000000000        0.0000000000000000        0.0000000000000000        0.0000000000000000        0.0000000000000000        0.0000000000000000        0.0000000000000000        0.0000000000000000        0.0000000000000000     
  0.11328567696302896        3.0066672953986289E-003   1.0366330647854692E-002   1.8917604808855657E-002   1.5917134963526796E-002  0.41534719740286874       0.19634883895843611        9.1811713560645436E-002   8.7383888143105895E-002   1.7818075062410989E-002
  0.74903921706125487        1.4751017889762956        1.0600578849722484        1.2155442169525652        1.2376608496103763        1.5297772747052807       0.80470269338052258        1.3832437040293264        1.3701280301353396        1.2093138647867061     
  0.20196963494330128        6.1180160764792539E-003   2.1066790762933441E-002   3.9332545696610960E-002   3.0731744494999214E-002  0.48372834731215963       0.27002129933440600       0.17068062516222812       0.14473512017659237        3.6343334220579927E-002
   1.3869724581031850       0.96022304862741414        1.1964203525254753        1.1419474980887860        1.3629341856467900       0.98321757164642309        1.7997783695738423        2.1195588779701318        1.5440407029544061        1.3388322295202661     
  0.24416712663521098        9.5247126395466061E-003   3.2157588574175236E-002   5.7844209740483571E-002   4.5322534358900268E-002  0.52542059139855590       0.30545856949271177       0.21260141423619086       0.18310099430278082        5.6011451942297813E-002
  0.91283960972408396        1.1870912614488349        1.1808094589152220        1.3787954834125771       0.95101848235917796        1.6476824222082136        1.3109867216393021        1.5604038949947174        1.0411127243265514        1.1971371174143808     
  0.28900147442928453        1.3517816180577362E-002   4.3643450012101681E-002   7.5857660460565468E-002   5.9699483377926459E-002  0.55756372344446969       0.32697600502268515       0.24440620339039262       0.21453404139990184        7.4823172731009982E-002
   1.2500630156284807        1.2466230400709268        1.1612501956930354        1.0145204155505705        1.2211156335907285        1.1768751167816385        1.0473813944252730        1.4073771478398018        1.4281031503203816        1.3135936294284978     
  0.32785042965227063        1.8347519856757703E-002   5.5575922567362726E-002   9.3655254919797232E-002   7.5504666351771457E-002  0.58331150965402612       0.34359661574009043       0.27054994341521460       0.23885441530039886        9.3014107949670966E-002
   1.2359886146028904        1.2078116285506055        1.2056076487282372        1.3121964425696289        1.2725271058284049        1.3458103876652801        1.1421605813244455        1.1612020258980305        1.0868790421953893        1.2445532164677815     
  0.36232847449263689        2.3557929655769742E-002   6.7632838122877389E-002  0.11150000212862091        9.1727535696077847E-002  0.60399833903727118       0.35903214066698863       0.29116452131357101       0.26433915658633939       0.11123619042868130     
   1.0212201039886553        1.0431765231560777       0.86972604015015953        1.2954527325330143        1.1924357821156657        1.2830578336929999        1.0462139140501654        1.2647245516229886        1.5163008766968273        1.4425885667114891     
  0.38938236711856455        2.8862046156515952E-002   7.9411578117042150E-002  0.12987974602898267       0.10818336509870147       0.62172393675335114       0.37094825557396810       0.31161286039561309       0.29000966215013957       0.12956374706662752     
   1.1942006936797553        1.0077226543825926        1.0289498412307989        1.2251164178832814        1.3066987182801175        1.2004066984921238       0.82155338252626486        1.3775315673665574        1.4058774106094685        1.2201068782880760     
  0.41423141091069887        3.4660157359604628E-002   9.1775016693708897E-002  0.14867496663937829       0.12457381026625092       0.63768912809255174       0.38473499554700141       0.33391916877259564       0.31386578882494409       0.14759040669032544     
  0.88387531997376312       0.90240149795495006        1.0296724368291905        1.1366265780760876        1.2832164878863990        1.3538941170515044        1.0021444826519772        1.3633963552722534        1.2695345252004953        1.2285029423932106     
  0.43837918060514947        4.1089258047348302E-002  0.10435232912079465       0.16823173578612460       0.14166597238972406       0.65209735298046123       0.39805531071491329       0.35791777095427801       0.33656520888356839       0.16377545306455804     
  0.92617034020432099        1.0138669953991202        1.2517040717050589        1.4161600323282628        1.2717702640402047        1.3909509330409806        1.2933318200275570        1.7300148047187958       0.92438865579396168        1.3718798913780765     
  0.46181785865829522        4.8260476974159756E-002  0.11746893562726837       0.18649486344717608       0.16018854654502718       0.66535910128093501       0.41017599258234599       0.37989157840511883       0.35774521764085704       0.17942952825300856     
  0.97592255510308268        1.0902070333784155        1.4220096374803448        1.4179972737603950        1.3424760095710382        1.7534169738758649        1.2877374192091977        1.3539767850325104        1.4600777777649476        1.0004418403824284     
  0.48503333393605907        5.5366385024888727E-002  0.13100482376223768       0.20175453726871620       0.17863896718180744       0.67731745692797563       0.42164901592372578       0.40018679032313292       0.37930198457859154       0.19478287090128771     
  0.97150648458978028        1.2627507426986087        1.0636687254061326        1.2650840965260253        1.1773695730662819        1.2024286249595908        1.3523213682074295        1.1681395630443088        1.2587513598146278        1.3476958161524770     
  0.50814913623034985        6.2496346505259440E-002  0.14494434707280260       0.21528528908269623       0.19471429772012452       0.68847547710600532       0.43235271063549102       0.41975005320766567       0.40042452592031386       0.20968250659902646     
   1.3149867169187599        1.1935053314906734       0.88546724074305727        1.0867583938750609        1.2726206806026610        1.0830280680471698        1.0284741307272074        1.0785627304897671        1.4162371537935026        1.1957106226657037     
  0.53059441952540276        7.0569228889389962E-002  0.16002264426609794       0.22786162725596182       0.21211780819269371       0.69936356398474508       0.44193951967514761       0.43710564962415271       0.41928548626755774       0.22354623848082247     
  0.84043534008561049        1.1482241600792107        1.0816108289572310        1.0046988625945241        1.1725838014490324        1.2732324988142250       0.93478550692253415       0.86219221117993960        1.3479761592876731       0.93046483405325742     
  0.55114226304584524        8.0050248474737920E-002  0.17605540944993248       0.23981907955334639       0.22850819173267334       0.70992355847424715       0.45143717439773395       0.45238108424221651       0.43551683862851942       0.23651180939530680     
   1.1778531444950400        1.0854172424888784        1.2733921545571221       0.98629429148155690        1.2256651373626839        1.2776212769776085        1.3485413355334732        1.0160375535666077        1.0562770543644420        1.1887729365472630     
  0.56985601817297693        8.9896293878035424E-002  0.19182452606803752       0.25172977179139211       0.24475252994527669       0.71996148955377626       0.46050063490534643       0.46668568773136382       0.45022269455279201       0.24976987452362182     
   1.1064183495536224       0.97976269450460007       0.92956542626321070        1.1925952933115913        1.2380087642775670        1.1263326442974737        1.2177492510884549        1.1091397165761852        1.2724318798620362        1.0495190618617811     
  0.58681452764363262        9.9806805191600151E-002  0.20737429212434944       0.26619268093046122       0.26135481718445491       0.72952945078361886       0.46981846218804402       0.48038700405643986       0.46533254522526635       0.26208149384361534     
   1.1002840769277342       0.99586160048815886        1.4257260768001516        1.2849721760350048        1.1705445547983329        1.3615193541033983        1.2264282381348559        1.3030400648521459        1.1133839569793178        1.0444751557862133     
  0.60331167195341506       0.10965169629559568       0.22295577638041286       0.28316168211766934       0.27646415266652474       0.73855309311057393       0.47874683225472919       0.49497614208980689       0.47903245809182410       0.27387896692290908     
  0.99536821192575142        1.1621936486768969        1.0487101947910893        1.1310574702612404        1.1280436937793066        1.1684019854720999        1.1524303353778447        1.1665559816540603        1.1018682760003280        1.0645448053525439     
  0.61959960242197909       0.11809856144788214       0.23854074513279566       0.30061381804569254       0.29204481532948934       0.74645314992555345       0.48630812187085654       0.50925904468351724       0.49274331860007370       0.28858315997974343     
   1.0742939999074346       0.86530262334654517        1.1520779313971603        1.3497473943003839       0.88876482457178951       0.86245137231409064        1.1142388490201602        1.3693659542028591        1.2571681108275892       0.91963951495003682     
  0.63589934467171783       0.12778561125636936       0.25424806488282764       0.31679800083289839       0.30857752899299329       0.75366677599813936       0.49371793351202620       0.52302920663206809       0.50720290308754079       0.30584168126098654     
   1.2886634899931089       0.79108049984821760        1.1803398305706270        1.2415595485104709        1.3437532159667418        1.2135861221258184        1.0932386688888325        1.4110209132406963        1.0763851367217439        1.2903907387343321     
  0.65151694692181072       0.13909956403573751       0.26957586234683939       0.33279536797673981       0.32396762038274007       0.76061137598970952       0.50229441208511383       0.53695766624126307       0.52333082429897848       0.32403214495346899     
   1.3225015067947525       0.99334466382397890        1.3718943654193243        1.1021572754781301        1.1296046764641043        1.1509867398898133        1.1432144645401656        1.2801502777387905        1.6338300383242033        1.3337659962361994     
  0.66613303162249482       0.15110001246987390       0.28329485174660191       0.34846649867435742       0.33945300090359593       0.76805754474534760       0.51126590988011544       0.55188397003578304       0.53947906684679658       0.33829821116566672     
  0.98273922420750337        1.0617518793572918        1.0495270304328335        1.3564739913352180        1.1325287057522757        1.1331427237089284        1.4034463460806805        1.0450355899862795        1.1890156468628914        1.3029823982048991     
  0.68016409769710306       0.16707807556481924       0.29626512992323750       0.36239858299346805       0.35438507099311434       0.77625624157995743       0.51976593796440140       0.56492652847684854       0.55386488372061704       0.34780827842870959     
   1.0641489262051547        1.4660203200572879       0.99781132829277053       0.94176414678673004        1.1131964426797745        1.2106599287080171        1.1782507668547448        1.1378225407605105       0.96519496947879091       0.77325655952169714     
  0.69354141038369932       0.18444441098943451       0.30702650044852647       0.37306772874599692       0.36958316952197279       0.78237370886931112       0.52794225902021574       0.57393146582475185       0.56690170446843302       0.35825409017821980     
   1.0460120199569825        1.0434792409465148       0.96262424698420124       0.88381341955462378       0.83113874258679288        1.0963782013573904        1.2444774590671350       0.97864361088358576       0.91340304783586057       0.84467659113378402     
  0.70743340121553855       0.20242013243646695       0.32001680354924072       0.38299155039249727       0.38214393712763545       0.78881919947977652       0.53563438784618922       0.58232933995032432       0.57833423358353209       0.37015428056721511     
   1.2185299888787318        1.2237915636936840        1.0970793038367135       0.99778387642328825        1.1647399641491416        1.2947391727711086        1.5775529308493419       0.94814523808689788       0.95477421091526815        1.1017908187212988     
  0.71918938430228252       0.22049089934379301       0.33246210852836028       0.39587230829212894       0.39547540562370265       0.79525809300008909       0.54286525876338809       0.58998816878239280       0.58835780749048872       0.38455995300911616     
   1.3407206659329816        1.1623520251275263        1.0823501135535609        1.3534695403977335       0.89979733970384468        1.0142822580104696        1.0989906057378589       0.89219689975996364        1.1072326723014445        1.0818879813943612     
  0.72815754058402216       0.23787462966600764       0.34576385409115806       0.41229465099886109       0.40746029725067334       0.80144283031115049       0.55047010682500641       0.59892116350050195       0.59849413060299261       0.39985473538128952     
   1.0149719791428247       0.94754413204789334       0.98799629437802583        1.1129324535814336        1.2116100505172334        1.0222289567306511        1.2257688663969497       0.88684785763590768       0.84729302623295522        1.2264092451152564     
  0.73719409977900241       0.25569773547898672       0.36038202354164550       0.43041831294160843       0.42019351417735951       0.80727378821712825       0.55813504206672215       0.60920135665812347       0.60871130067334123       0.41760441925021785     
  0.98069862745406400        1.0853149103721573        1.1688936360659814        1.7363820772505343        1.1142387815686858        1.1961254321006087        1.2490211749475981        1.0620395799919151        1.1052087832292596        1.4055784819228192     
  0.74758955127052473       0.27564441655591959       0.37642039350194167       0.44776024235439593       0.43311524935318241       0.81293756647350546       0.56597888375504279       0.62119335429402034       0.61869040122657604       0.43604422880717697     
   1.0712210540238789        1.3293549868760117        1.1707947368307940        1.2968456283778926        1.1419961970062198        1.1284854999724621        1.0735054974991749        1.0595153526418251       0.97809292553964866        1.2792278363191529     
  0.75997096683302878       0.29769913158205225       0.39348385029251587       0.46394069486551870       0.44537221626566087       0.81853779838382434       0.57382832874993595       0.63413988884787476       0.63062505299408989       0.45385862461714083     
   1.3699428885551692        1.3256796078503543        1.0594051379613831        1.1629281535192597       0.85986849269231369        1.0133330459460292        1.3801407866183484        1.0130711483509651       0.96586627337605746        1.3097646586539582     
  0.77347097180450242       0.32332119085876776       0.40989971582257517       0.47968015805968367       0.45872875351977482       0.82426851969907977       0.58064958521778554       0.64662223422841592       0.64356266315093480       0.47099841773239082     
  0.93951489664026411        1.6000796366755283        1.1431381248877441        1.1833603547196070       0.92595968408295926        1.0153417739878201        1.1521859081682682        1.3272140215442643        1.3725600258152568        1.2926276819898899     
  0.78728150395549290       0.34959558409008235       0.42836271633345979       0.49568553678725974       0.47399206641855968       0.82950806298075608       0.58655850247902586       0.65857235284784155       0.65607181523212543       0.48797769363245164     
   1.4620184456613783        1.7003621159992917        1.3172345591772299        1.0170604777917656        1.2437548603688753        1.4015633909791843       0.93700562608524174        1.2097613335367037        1.1855469466925299        1.1518442853473394     
  0.80059095514608303       0.37672302908251715       0.44887894932361283       0.51224413316628292       0.49043469846949095       0.83457649272206424       0.59271666675923884       0.67031399633960820       0.66850248012343583       0.50341918202087166     
   1.3838173067497586        1.1927157065978162        1.2655384776745056        1.2799094182216708        1.1237403241313768        1.1095655947712211        1.1973622349723614        1.7077785225264785        1.1550722177653010        1.1761677886046316     
  0.81237891815348462       0.40503004120898850       0.47229359081161648       0.52995218336894856       0.50663792008464992       0.83933362124736288       0.59799788950310018       0.68185990293830911       0.68170794510231292       0.51882070461625907     
   1.4511984528877098        1.3314327478351862        1.5595751266224713        1.2449522308717722        1.2593675114454490       0.90488170226279119        1.0188157610664825        1.3706495813015307       0.95360974073181703        1.2258608359805099     
  0.82210053121198134       0.43171823507144408       0.49634323207517378       0.54888497850452322       0.52329659403926254       0.84432411660306406       0.60332223820468722       0.69325046155964032       0.69517612189305089       0.53709595881530170     
  0.97063380985823478       0.97437641834639044        1.5815385085693663       0.96609010789916328        1.5443993329371677       0.80189433302759650       0.83532548246933058       0.97398585359888323        1.3055083403241901        1.7926343326394132     
  0.83065996722109414       0.45526088053441532       0.51944024218049634       0.56785222396632129       0.54084275246174252       0.84939775687399144       0.61014706661842455       0.70280381366150801       0.70901035957457248       0.55419403603759210     
   1.0413962506715970        1.0733149446912840        1.2470242360634427        1.2718653242238660        1.3119021765392427        1.0355609656459837        1.1832161736004156        1.3055568675744320        1.2785494037898057       0.86316784426896820     
  0.83905383121750943       0.47937689427321312       0.53853578970160509       0.58576455780156211       0.56001412685056973       0.85403857524560189       0.61761079180885559       0.71275833124187449       0.72293140451750315       0.57154537423010932     
  0.97754008727902575       0.95455996267075960        1.3041987110008104        1.1856782378451309        1.5140026064847416        1.0564611234189565        1.1535665172712120        1.2460390020773324        1.2377419725462637        1.2400365457976814     
  0.84749311775041469       0.50351719726289057       0.55005282039793646       0.60131672995397101       0.57915208405817786       0.85770400237986388       0.62535595226263718       0.72042376775935635       0.73632363219355512       0.58839190166115563     
   1.1619903032917935        1.2151913741360347        1.0717651711513800        1.1339719515166637        1.0716699000459666        1.0201951912747687        1.2207101656398740        1.2780071390869769        1.2542052346549839        1.2101149506471889     
  0.85510927557525995       0.52772320058068101       0.56190006192500708       0.61600960055814957       0.59657793590928720       0.86075405706116004       0.63201447593939319       0.72867598545624668       0.74935943896558843       0.60440992475895827     
   1.1360280685317901        1.2036428670031651        1.0567015727727882        1.2286238434671002        1.1895718068427084       0.77464933974946104        1.3683734251546991        1.1510721152355317        1.2853592556032900        1.1416700090611536     
  0.86371570860571401       0.55441214598106703       0.58027182986380610       0.63119709178959671       0.61325359820690173       0.86378842100903463       0.63765358391896088       0.73718161231647961       0.76240090119232107       0.62019277242075266     
   1.1934903948058384        1.3643689068398255        1.2723961461877298        1.1627242752361946        1.1227069044678606       0.83412149075491471        1.0634325411831498       0.93502146981150236        1.5973926854427916        1.1645667721937771     
  0.87336246139425200       0.58171340417186357       0.59729917023695689       0.64642990404662160       0.62998932649054351       0.86690763886051159       0.64289891472300331       0.74581777096077584       0.77506692537018163       0.63645872835125494     
   1.0912581419675156        1.5962004116016950        1.1190157893745736       0.96654689858039788        1.3653339004902818       0.90147681974829075       0.95781432713449755        1.0296784524831057        2.0139879141966017        1.2490537782318933     
  0.88243139414080285       0.60731385240812796       0.60887746069633963       0.66326865681900227       0.64640967350281264       0.87050567517966471       0.64857795941560037       0.75409337230035556       0.78752140215397415       0.65274275256649550     
   1.3914117126771033        1.5358301857126111       0.83054054018490553        1.2661805935600408        1.1947203317501272        1.0759220054912060        1.2069940251762130        1.0213593780592043        1.3656285904924106        1.4429129125114606     
  0.89117662255162677       0.63328802385100769       0.62184006691882254       0.68072235924560032       0.66639997145354279       0.87484635541538858       0.65492217996964297       0.76167672735550540       0.79705626968179599       0.66808651071497294     
   1.1004490746966125        1.1063643716684133        1.1685780662949314        1.0742408777336545        1.2193650673111804        1.0736036934768052        1.1119458092517598        1.2254323670857554        1.0767148363529864        1.1076400481823998     
  0.89946598487733231       0.65855779262673142       0.63564488516000550       0.69810355562419046       0.67905216491731790       0.87975167596613901       0.66108726542068696       0.76980276499605704       0.80486490177337666       0.68481120464429557     
   1.2357947706020240        1.1997190056244258       0.93325616787505183        1.1962059121454842        1.0606438844346384        1.1593597281630856        1.1211559246664804        1.0063930273588964       0.98328195108808558        1.1218587363800794     
  0.90708680081882620       0.68453622155077454       0.65133654684781805       0.71497518670327898       0.69190509283415180       0.88503626564449500       0.66710710977434406       0.77807871601774670       0.81304599451265924       0.70039303342683579     
   1.2139457140062131        1.1891895188641413       0.94164144094038704        1.4606009578134937       0.94191988796752524        1.3064596177895589        1.0002684840779856       0.80887962398733637        1.1917379092318550        1.2166392239994506     
  0.91393585909799180       0.71112260003239003       0.67204789972466739       0.73163560518559689       0.70304767694193593       0.89027930871221617       0.67270839379493508       0.78685163002202874       0.82139956072080655       0.71592499002821475     
   1.3961893002078645        1.4622409160474947        1.3734404346789779        1.2644333978402591        1.0277110543319412        1.1245978151482416        1.1017456648621351        1.0937577964611540        1.1622955803123918        1.1673784394749647     
  0.92065320648338034       0.73787650488120116       0.69220701600555923       0.74852816441903858       0.71414405975540574       0.89512394438140830       0.67821020315861624       0.79571523881499329       0.83143606244071555       0.73086024306367792     
   1.1470673795070236        1.2635247756606542        1.1519939139364530        1.1522622737268242       0.80768994880747891       0.98996229746184550        1.0894769261842066        1.2365050334716536        1.0816498917244630       0.97650268993196909     
  0.92778417898990440       0.76069995311509353       0.71015418451649259       0.76557991894854105       0.72860522741950762       0.89982227500018230       0.68379097264392319       0.80441766346490184       0.84203353288485450       0.74527437388865803     
   1.2121200368916658        1.2148992337782478        1.3329076307763787        1.4800441596700789        1.0370022982820772        1.7354637737661625        1.1803562934104097        1.0729321262743854        1.1265950994090295        1.0908610848095635     
  0.93442829868921595       0.77775608594192802       0.72711658741079332       0.77948608735469338       0.74325273441008577       0.90460068042666020       0.69000427782719342       0.81302351400015271       0.85268911625097699       0.75934681262621240     
   1.1819696492141174       0.95431345819201430        1.6351406558365635        1.1240592424095452        1.1181629462638600        1.3169482373307855       0.90478299431810483        1.1072692409847995        1.1926462361616696       0.98011083850977121     
  0.94017119406948058       0.79054772277469121       0.74427976514629546       0.79171486419487025       0.75565944326359957       0.90944058609156642       0.69671205074254017       0.82149712494555582       0.86365584805394524       0.77264111791344159     
   1.1976371182774244       0.86095796708332972        1.1277852824230985       0.99680925934456999       0.98022172003373043        1.2498599738983964        1.1806093382141103        1.3226240482509219        1.3081150523195706        1.1613274046059230     
  0.94521494668883210       0.80407084622157488       0.76323319361223996       0.80387190311985435       0.76919703540533935       0.91426665022957188       0.70321960752240209       0.83009243137960431       0.87440729512137660       0.78401449535346690     
   1.2261005638556588       0.82684762415940394        1.0549952274242116        1.0114435112525384       0.74938624924055752        1.2847246094888434        1.3007193692268966        1.4101001806182982        1.0556919717196831        1.1082033656582819     
  0.95034101762272705       0.82087041504132263       0.78411725232064633       0.81376757559657609       0.78333554354093271       0.91910543440005688       0.70979177142509942       0.83889619671737314       0.88474375774195635       0.79564003601288946     
   1.0951519926182320        1.2199783942217080        1.0452904455912351       0.99130288730924410        1.2586773594266136        1.0608659245926086        1.1672112806344574        1.0567738349610105        1.3088249015664204       0.96230087107228901     
  0.95566125627591314       0.84044516463870844       0.80503095472491448       0.82369852133850863       0.79767566426387471       0.92380631351927400       0.71679886801949011       0.84791494393838818       0.89496792332597486       0.80867674411713308     
   1.3099419598878250        1.2709589571033919        1.3945425126962852       0.76603368966678853        1.0091513297109451        1.1548072445727748       0.87536982185641810        1.1580784659113190       0.89594288557208468       0.98465648004531248     
  0.96076088437703022       0.85966643546496524       0.82508284999883863       0.83452236623273335       0.81411286169208219       0.92878558244851361       0.72429938557623097       0.85738121134109735       0.90468015828015513       0.82223680003886823     
   1.1162790569335015        1.1129170118475105        1.6748972721995277       0.93467617963913707        1.2047204410521839        1.2244694742210238        1.2182630318944239       0.85266030824247807        1.4867091795035789        1.1440938761986681     
  0.96522576641972280       0.87728035776290580       0.84370981942498136       0.84715741103074238       0.83146596976113696       0.93389347510719667       0.73229918374596248       0.86715141597424761       0.91344872229589369       0.83561238252106762     
   1.2691158119931076        1.2642623480870445        1.0965093705553470        1.0036376020048265        1.1183765589072845        1.2638612394583049       0.98407099752336746        1.4031185424166295       0.97733074114559870        1.0207210008588981     
  0.96938858118409277       0.89418912664598704       0.86190813758906193       0.86132819790433479       0.84837565211391264       0.93938314939649481       0.73933990061311849       0.87758067578747478       0.92124999630893767       0.84836259764893263     
   1.0894650604875276        1.0805045673749658        1.4785961692351672       0.90112742046648164        1.2965579347521785        1.1131352125104679        1.1993874552217745        1.0361292023995476        1.0768682086246089       0.91544305009930704     
  0.97336949808236206       0.90963714109144833       0.87951165334960291       0.87642910886949699       0.86328364100595023       0.94529594260264871       0.74905277214596222       0.88889691403288962       0.92895331032829709       0.86296658631966072     
   1.0942681103262675        1.1968096547587024        1.4077078310552364        1.1476400985930357        1.2762121079825695        1.3244296585126529        1.1539290645956091        1.2601421799646013        1.2076025600045313        1.2120817360299190     
  0.97716262697400291       0.92419943559917606       0.89854210139090895       0.89005696501322262       0.87844734617100528       0.95137876761615936       0.75963460637364322       0.90098189827159603       0.93682810435125419       0.87893546259149247     
   1.2177563126724413        1.6221240956134868        1.1045950932270763        1.3697244565252980        1.2438254636986186        1.5198404898757263        1.3434070562757012        1.5682534864904778       0.74047167115788159        1.3126794997373421     
  0.98090076744560895       0.93756814161845636       0.91553898698378156       0.90344920369516490       0.89537535325249573       0.95715618969188321       0.77186190606159588       0.91321549391072732       0.94560074218342760       0.89469789566319380     
   1.1494633575187803        1.3549259747477980        1.3506111015561515       0.93790441118593293        1.2962407516677645        1.3287210224600154        1.3621358155099792        1.2292187276597928        1.0069086750380782       0.96998916289609316     
  0.98431315664163543       0.95013306062649450       0.93207065058154448       0.91752608318266193       0.91212842451515552       0.96276273291578951       0.78435161610636028       0.92582379328319719       0.95520901440743056       0.91111697372673162     
   1.3544255860898269       0.77303787969914006        1.1367132794007824        1.0112124104741151        1.1220884280563650        1.4068011533362055        1.3344090098904704        1.1866579290910004        1.0931311949572413        1.1475876765093322     
  0.98768307901493368       0.96191499297449368       0.94775910260844953       0.93289033768250551       0.92996288269608884       0.96864286575185343       0.79961410271107813       0.93834470408905524       0.96448690376931911       0.92981345031691709     
   1.6329629218484107        1.1499640940968221        1.3002535205984629        1.3110168268845397        1.1515182869427054        1.2280087480549653        1.3884895839673672       0.92406336079097529        1.1099191950227059        1.6647444288699513     
  0.99100496956237416       0.97255452040119283       0.96132955046298352       0.95024273217994693       0.94722187791057744       0.97439264417798066       0.81957588049494878       0.95134659475078054       0.97320008263302615       0.94954184238162853     
   1.0940585433292698        1.3726203527359293        1.0284059232522007        1.3243472540025347        1.3950113847155612       0.81508883052725289        1.3452482275505859       0.88488850321249690        1.0192753196303139        1.4970114161827872     
  0.99422830984942334       0.98227119822262932       0.97436558962360009       0.96729758588245485       0.96390849836654990       0.98068727255535137       0.84307750736676557       0.96591194528080060       0.98171874311203944       0.96720693365453769     
   1.3575634482937275        1.4375890941145619        1.2270269500805371        1.2595749888328207        1.2073364093803376        1.2791022319657648        1.7363499724730249        1.2151387149269082        1.1046257746901640        1.1983760760575115     
  0.99720051813771826       0.99142475761281557       0.98733274390184966       0.98281310461079974       0.98188665125632169       0.98952984169511127       0.89455740397193850       0.98259457994530819       0.99099882207531487       0.98404489490376867     
   1.7479023783288463       0.99008034738787820       0.98825736147697218        1.1273816733558646        1.4413038451630085        1.0571863947955022        1.6782522286454500       0.76467520076722595       0.91190244399371567        1.1333576355333714     
   1.0000000000000000        1.0000000000000000        1.0000000000000000        1.0000000000000000        1.0000000000000000        1.0000000000000000        1.0000000000000000        1.0000000000000000        1.0000000000000000        1.0000000000000000     
   1.8041697582379685        1.5130937456887161        1.0163309996684826        1.2424027143597873        1.5729165988803484       0.92342530862328875       0.70488137028590525       0.81718154841399349       0.78203057543934007       0.85389659762971826     
  -3.1251421452490099E-003   17.099194673528324        14.386662830659285        14.133850866747363        7.7362588228200835        0.0000000000000000        6.6847610622078779        16.916068168731684        10.448095319735545        11.170583040102663     
   5.2328841180141339        1.2895393744843529        11.200264275205651        10.658151456836508        13.381443905412343        0.0000000000000000        12.846695652332736        9.4876981440437298        10.068017239313949        18.665361063386460     
   9.0824266342869766        6.4991304485244781        15.317244527194804        14.439102623669969        15.774249512674611        12.894001936794290        12.942203055114941        9.1756736440336848        14.096067987249505        11.710814806834485     
   8.1545846659325374        7.2074617311913007        10.378459773418902        10.591623930956645        16.027746351543215        12.716644910109892        13.844004190689885        13.288051331526869        9.0160840883621631        11.423759053132592     
   13.804409559394433        7.4836427845803346        5.1180714851893994        6.6371941055494856        12.435098294003087        14.024254100190969        12.618204620916904        13.112513743015825        11.994685742302162        9.4245734053680845     
   13.651869367136355        9.7010006257833190        10.466846090075361        9.2745430275390426        10.424139195016002        14.606143587911323        15.619081841715522        11.347803021600305        11.039605166891008        13.903052920197087     
   13.467671715985100        10.938480985628924        9.2617031262365543        10.115855903398021        8.4625991481997733        15.293998415942484        6.5202270084493463        13.990997181802229        11.751575818961783        9.6473658185030366     
   13.286145125078091        20.789383880728110        14.395767476335232        18.046108869595621        13.805406602482551        8.2284920631404717        9.9757962147513695        12.776448072018068        14.445051877418576        9.4365443992937745     
  0.10961389680929784     
           1           1           1           1           1           1           1           1           1           1
   5.0585643347360165E-003   4.8692458417233563E-003   1.4216528158513971E-005   10.342182360183367        1.1488051192671838E-004   1.1278245922153744E-007
   2.6380863071755782E-005   2.7167632051958002E-005   3.4540741645912019E-006   4.2574505254679408E-002   3.4534803780130420E-006   1.8912302187269103E-009
   5.0000000000000001E-003   12.820899077527192     
