   0.0000000000000000        0.0000000000000000        0.0000000000000000        0.0000000000000000        0.0000000000000000        0.0000000000000000        0.0000000000000000        0.0000000000000000        0.0000000000000000        0.0000000000000000     
   7.9221315855924651E-002   5.3075820373385540E-003   1.5993186685526583E-002   2.1735359917934408E-002   1.6420930798857019E-002  0.37899631914033832       0.11639126449558414        9.7423670435858312E-002   7.8828213755901266E-002   1.5994058684515117E-002
  0.80197229811908932       0.66659082393961122       0.69485049526197873       0.77375794118270891       0.98693310252712196       0.45981604466470294       0.73042554306349605        1.0631503845227477       0.63257430250123303       0.82058973459027573     
  0.13668296654286716        1.0063352078995556E-002   3.1806126445681454E-002   4.2298974693237651E-002   2.8320764567043057E-002  0.59651770191801101       0.16299747715250187       0.13905415579767375       0.14038250621181164        2.7773150680958897E-002
  0.77358705709549980       0.73570145740776671       0.89108390161326767       0.69094073756434526       0.68856441815743319        1.4413786263515143       0.85311920219677273       0.91046452860188598       0.78333406390718674       0.80910319289842614     
  0.17234776615205250        1.5324186030982474E-002   4.6336362482124395E-002   6.1028209816993625E-002   4.1838250091972326E-002  0.62501291895638689       0.18368856654854532       0.16341378021687866       0.17572432999061710        3.9936333127686255E-002
  0.96167423390594009       0.84503765163049582       0.95717415418360752       0.71157429926402826       0.91501479675703645       0.70828879371484876       0.94842510674228964       0.67112341797465391        1.0238294653909044       0.72656735073243650     
  0.20151247112325038        2.1659072300560266E-002   6.1365745550040790E-002   8.0648212261579921E-002   5.4917646141640082E-002  0.65650949642353651       0.19575911339728339       0.18366868463048155       0.20641428820988711        5.2514346742343052E-002
  0.87186582484807951       0.94290807713804747       0.80931169613007536       0.93716684015555618       0.89680502725646616       0.86717233147989792       0.69017515733643753       0.72108465349211581       0.83440016701581721       0.86990275845485410     
  0.22719248483383753        2.9546777986152351E-002   7.7918302824953253E-002  0.10112475984689032        6.7953754035310968E-002  0.68213179347303288       0.20683397778688278       0.20738344266918374       0.23394842090523965        6.5878182962549561E-002
  0.72825447885847239       0.95060654248100540       0.97871963979115806       0.77544994177386117       0.73260808156456525       0.77887340571152475       0.71024551930140822       0.87231712990939114       0.78477609133520199       0.82697835891749027     
  0.25137441900047358        3.7491368569873250E-002   9.4494456843162308E-002  0.12229276333117299        8.4774208625793962E-002  0.70098335670915191       0.21695424769559724       0.23669430564869381       0.25867187499985789        8.2446326668173295E-002
  0.74243283157397677       0.76409660984494210        1.0023597545561029       0.85672402261151581        1.0125453649413110       0.88898216638753624       0.64222588673653935       0.90414933502635164       0.78826917078306880       0.97056454092458844     
  0.27375322967105981        4.5486743931508915E-002  0.11110703251854757       0.14350268132022856       0.10051080636858802       0.71849505700969529       0.22813249828599139       0.25997816909822896       0.28159582118987392        9.7365000933222937E-002
  0.94552019896764850       0.75761728058927946       0.88357218920873171       0.88898040768496966       0.69486420273964689       0.96132396568123735       0.91445290044416006        1.0368402382849020        1.0457741337265134       0.95130199022737671     
  0.29381961766492576        5.3462051415314009E-002  0.12642829838975406       0.16379636619533583       0.11656667772950294       0.73349014237603438       0.23934662869577539       0.27879078508173394       0.30246444911929254       0.11291281676195412     
  0.84578210774428142       0.78662337014057060       0.73162979920229854        1.1226966068728064       0.60877593220606119        1.0849667881626524       0.74081434645827005       0.81372332987339491       0.97850320768698407       0.70741725195752803     
  0.31214543951781248        6.1317441072640977E-002  0.14225170789283212       0.18382554145074345       0.13234829657685557       0.74709981791059998       0.24970652065811291       0.29719346999863921       0.32334318413464025       0.12891049251815723     
  0.92205109581484213       0.75395318349857388        1.0010815574739715        1.0738694846220587       0.84416806858886095        1.1787282952664928       0.98796818554217658       0.88368225639840892       0.82414499930523288       0.81183042062972921     
  0.32965955237093242        6.9720903972873879E-002  0.15874549083327832       0.20455300402186424       0.14753194762297628       0.75741384773192999       0.25959326938754224       0.31505931792933123       0.34459291427731031       0.14534867458575049     
  0.77956076587358580       0.77675015447638018        1.0812721463370880        1.1120256416487417       0.75167621313515987        1.0271043470847454        1.0925003863193659       0.72345928818095928       0.82340514670563636       0.70941500993467554     
  0.34702258879080122        7.8491849418619475E-002  0.17531505066658642       0.22557006248694414       0.16255129237377922       0.76588111271980785       0.26910916986555011       0.33337200284129082       0.36518826819181288       0.16196575836194910     
  0.69791808640338426       0.81315120253915563       0.84921406475649008       0.85703473946240682       0.86353524003647009       0.69538042996706484       0.97617881511057669       0.95330176448612713       0.78961237989724242       0.95454514164309801     
  0.36354699055424772        8.8655178817895905E-002  0.19169795973592002       0.24538497246018096       0.17739840329641873       0.77404324392415469       0.27789844257328211       0.35256687939118536       0.38502792890907334       0.17785434085033619     
  0.93193632850110442       0.58564574496783239       0.84098919283374873       0.86306495870089450       0.76216078246806784       0.93808752369026260       0.87366277626830646       0.86995261566447524       0.90502949011777001       0.90461097103320909     
  0.37805956094885290       0.10010089531054077       0.20812057879980508       0.26309510945060754       0.19248267601577820       0.78255622821800919       0.28646772151568489       0.37249780676990196       0.40417600708019452       0.19323673166318595     
  0.70043789765910081       0.79326679627271390       0.82581119719158491       0.93293029035790009       0.81306502180929641       0.94845528420289393        1.0032730486893322       0.82412598402530468       0.94457739345714442       0.96691772147437050     
  0.39126122661849122       0.11239320654431045       0.22464435659815574       0.28027637040576447       0.20776562688842490       0.79179894785278104       0.29462615715731533       0.39079684577081625       0.42273587447470667       0.20844180885754382     
  0.79407166878741253       0.93137905316382319       0.93554832570676194       0.75328999129152430        1.0152698464211174       0.75662951470855921        1.0124247608676391        1.1483140566080714       0.96182409020375459       0.94611838924514235     
  0.40379433772530626       0.12512369747263652       0.24161705164116332       0.29644525848140174       0.22249948372292858       0.80024221828660269       0.30243736330038573       0.40711156304246016       0.44039187427830018       0.22328399593773121     
  0.65009310700676348       0.73367596831273196       0.95472217435337781       0.95661524825626254       0.83454135155717091       0.85377171963013121       0.88316768327300077       0.64811808390040138        1.0142209297857818       0.74902808453858105     
  0.41712139307038382       0.13798389111810205       0.25851136016561982       0.31524155133230974       0.23812925570262958       0.80748632070657644       0.30920709170625416       0.42330075461570049       0.45738964232367507       0.23836540965695188     
  0.72682810234757811       0.72515151131369449       0.85615024726256783       0.77577022654367378       0.81983964883694860       0.93608777781553643       0.77915930189952254       0.77382948078583780       0.92731228545252675       0.99914485314344426     
  0.43015259135316780       0.15135187380200549       0.27570185188809299       0.33742113247540884       0.25444022835983443       0.81399448395810814       0.31547082246624197       0.43891265852884981       0.47418441985284021       0.25546845329343237     
  0.79621632104717688       0.72167122431462216       0.82971424726899090       0.84749149086528430       0.93225063997470980       0.76401289602667233       0.82378844274777951       0.70261829732311387       0.65168114447822378       0.80292149830352544     
  0.44259524574597997       0.16557092589057218       0.29253153983833996       0.36002499564882584       0.27038066571794411       0.82038067108431512       0.32190700783621806       0.45580157303619656       0.49152161585242010       0.27257592079440890     
  0.76037329060065051       0.78023340274667452        1.0878066258430314        1.1325005178290573       0.73134214847099799       0.74837758508773822       0.95633744739615578       0.72453188157702653       0.83789083736886583       0.85835393755478195     
  0.45413412546593607       0.18070707655193258       0.30889746598364420       0.38084809790400059       0.28595203541288633       0.82674079658731248       0.32839250477440213       0.47081589832804249       0.50904482378371863       0.28835848172033918     
  0.64675809444257859       0.76060031233810355       0.83251055800734308       0.87049741061113672       0.91970585561426588       0.95381716525045390       0.71823893052778098       0.75674389604827652       0.69674632833973149       0.88031180770111295     
  0.46538345224229322       0.19575370686263199       0.32468199799263475       0.39938120925481307       0.30167477624520761       0.83274785936576623       0.33543127728434718       0.48407777215309872       0.52495898946381292       0.30338997362604564     
  0.87020892243449000       0.76710956274732867       0.73271106212750303       0.91603599476362363       0.86625887801533230       0.74377847143298170        1.1317237402031233       0.83184009216720656       0.82099922112971579       0.74131552768677178     
  0.47698869934019905       0.20889927395776828       0.34092045955930661       0.41639114171155012       0.31849766406751234       0.83843633329200995       0.34171781704224125       0.49585604971326508       0.53768495307112874       0.31827368583857180     
  0.83700624532654866       0.90783468129148326       0.68693369169200114        1.0981377131049939       0.82718358248846746       0.65721187493222788       0.73715401122754498       0.73807877025640711       0.79017341570002964       0.67684492264939777     
  0.48862452596193023       0.22160578926891650       0.35773878355474986       0.43434541907588553       0.33552258811950425       0.84352193764158800       0.34828659716936144       0.50924910668338186       0.54883805934328422       0.33403152435140515     
  0.81780814281217251       0.73196913204942604       0.76019171937134777       0.88780376498483526       0.67978001080145756       0.75089590288130315       0.68095934715144146       0.77623154632932212       0.67623386572583211       0.92810569435342549     
  0.50060971871123283       0.23465616065106878       0.37420955194689198       0.45383871102064494       0.35223153110495614       0.84880078955900617       0.35444059024348729       0.52329658384317024       0.56033992232465746       0.35069519432265195     
   1.0395835719033155       0.58100466922628746       0.69708523007950374       0.91149813738321750       0.88665384303341621       0.68753397330184729       0.81906103856809220       0.91880433352228219       0.84635945712907501       0.95329770093002630     
  0.51313413612032610       0.24506366799045143       0.39060081676217490       0.47257823511939340       0.36854226144178476       0.85395819431435127       0.36009417957933088       0.53765667791377558       0.57439902974672785       0.36751493640543725     
  0.97978901141289032       0.79335305405958456       0.81276226857642309       0.87443137396659187       0.84018537235286594       0.65669295943070971       0.87572810802826606       0.93647021475213110       0.74965044036717043       0.72360291820165046     
  0.52550233433868265       0.25869598214163547       0.40702050790762312       0.49041306983217392       0.38390797165690843       0.85858191925597216       0.36560591510697193       0.55232114732015369       0.58960631074895054       0.38314033462223429     
  0.90715126905803345       0.72257005790175854       0.92529611328662120       0.87887273441532854       0.91615848654564758       0.97645717571553337       0.85946778175955529       0.90242089461485231        1.1547767534444913       0.74622294169228165     
  0.53696139978710622       0.27419891403051133       0.42329530251057856       0.50843808350448072       0.39891856220714983       0.86309148854993389       0.37134988341077496       0.56682044211976290       0.60494742688740821       0.39783062968323585     
  0.90942099140582466       0.79591121380340257       0.69150066336403460       0.86029158234200931       0.82571808285201653        1.0556141052713681       0.81053270515824594       0.82284562963666175       0.96924120756702081       0.74433614534626680     
  0.54729695025902148       0.29207170227853818       0.43947969666825359       0.52662562083444986       0.41434242461093790       0.86762305807616780       0.37764547665386478       0.58072882567413275       0.61964863253900404       0.41320417446142227     
  0.68826553892679354       0.96140526310018148       0.94814158773439072        1.0199750907090643       0.66283987420090662       0.77682449719223556       0.84853347944579716       0.87091121237058278       0.92782137604635406       0.76764073297984070     
  0.55788515792158444       0.31226069107504378       0.45608602674834875       0.54454822621092325       0.43090937053344530       0.87243022324667763       0.38436366782949566       0.59403625230342072       0.63320103718212606       0.42936871787962944     
  0.63863727746720267       0.87877557999210720       0.76158211617810367       0.89985861603091821       0.90097549655912701       0.82919369224492145       0.99924862842565498       0.82887253370629299       0.89767808399661442       0.98463928587422955     
  0.56910934358904974       0.33501731186306444       0.47240075973193957       0.56267806714335222       0.44852989619594330       0.87716644336729155       0.39113211642846429       0.60703816650264963       0.64595605974440717       0.44586895146816968     
  0.76974686221970334        1.0446819439464787       0.84792726931316731       0.90469439381207351       0.82999871386471002       0.84083612255102436       0.81229443929842626       0.92402942581413872       0.77580035191345309       0.82894755702763046     
  0.58059123338606455       0.36040768121519207       0.48744342502913623       0.58118800582666907       0.46620027830722272       0.88131218939667633       0.39770677636959750       0.61881320506907533       0.65850913493540086       0.46275357378938686     
   1.2119448372247332       0.74373072550154928       0.71045562858300848       0.81471309794006030       0.75316972267237181       0.80501850652641294       0.82636656024904875       0.76221846031436225       0.81376267452069517       0.78054855675776491     
  0.59175881078974979       0.38839311578632524       0.50231048397446898       0.60026187439476275       0.48282385418283064       0.88521899602893239       0.40420857597543963       0.62994496915930753       0.67123191708141416       0.47935975686803484     
  0.85703254749482682       0.88537171917468771       0.79953266629021991       0.92660855667458719       0.78729377630889419       0.88458390986881696        1.0229794668387819       0.93221827501395771       0.85068812672813932       0.83946218724943766     
  0.60278888171973566       0.41768236186136370       0.51627414232911406       0.61977681838465948       0.49796448521505010       0.88913495124554442       0.41063941491660255       0.64026560851642911       0.68356546545686359       0.49532188174015285     
  0.85060513116062808       0.70772341579276898       0.74395200852848875       0.81155186169985982       0.85393269519636461       0.76051326186081070       0.74375377005726229       0.73351993137352556       0.80734342904515410       0.82258092454233722     
  0.61438416182760403       0.44735698444721461       0.53021712446311142       0.63841747340865562       0.51325038373522602       0.89315145164518539       0.41724832953501706       0.64994110009756401       0.69487760125225484       0.51054173382478141     
  0.88601207255771963       0.98166408271859951       0.67208864552367342       0.85107359748434519        1.0062181267958090       0.68866450083757014       0.77446234746161779       0.84833191436754340       0.67262158281108630       0.67873076118591669     
  0.62618691516258396       0.47602878326032905       0.54513139314128956       0.65577555318374170       0.52979858133367908       0.89698856731236309       0.42381676117445660       0.65978757810688282       0.70544567349554288       0.52635242461895804     
  0.73548266713452026        1.3656744538334411       0.56249259076660196       0.84332686190433004       0.69161724068814012        1.0143357800422093       0.82053693145478768       0.74751773053573023       0.66410562377808779       0.65541603432493833     
  0.63822367714452377       0.50368383796762872       0.56060169786709657       0.67245072585869858       0.54787714661988196       0.90089830410469507       0.43068048180140139       0.66986783410502537       0.71630626966360511       0.54354718938066082     
  0.74366394147905202       0.97310890749410794       0.77005647464022087       0.92013944354243815       0.76574427910128040       0.87328894824354120       0.74133498745380311       0.83141957780325393       0.86624605057263615       0.91866372944159636     
  0.64983599604146280       0.53027914993613279       0.57639983033037501       0.68950987045427548       0.56655165594987222       0.90472742516035032       0.43750087269613802       0.68100342970076122       0.72804013338596529       0.56151450064995556     
  0.76423825996027117        1.0016979438745612       0.66061658216653318       0.75741597412070372       0.88221427008405728        1.2081470073275877       0.79719062850838396       0.91744651773161390       0.92298189131130959       0.86150499261820812     
  0.66055089805596090       0.55787453262889464       0.59205993082514863       0.70431857699969758       0.58507303237124719       0.90838032439302285       0.44312565797896125       0.69204530226767824       0.74022562357971489       0.57950328106162274     
  0.88422990837379078        1.0028160523634977       0.80859833370716760       0.95274022416672610       0.84228579105681789       0.81075785129742162       0.75733607546322645        1.1169999634235659       0.76228824260090822       0.71259018979420274     
  0.66926234945636742       0.58315019573914317       0.60603786572088347       0.71651965039409260       0.60344095463488012       0.91176196244860497       0.44837866534483078       0.70303456314132462       0.75204333783078769       0.59768657537137149     
  0.93198380333284170       0.73852589893049470       0.65350757515796654       0.75237694588156745       0.78861775602960948       0.67446285993743538       0.65426785516568775       0.75810133588943041       0.88576012639109092        1.1505694907832531     
  0.67755447152920711       0.60810412637748956       0.62105241394316979       0.72841990489570174       0.62041745337232090       0.91509313790814883       0.45398231680906059       0.71390705363025320       0.76284441481573606       0.61586911937323530     
  0.67411305644903530       0.74228339907524687       0.77954076329962874       0.65144454258398043       0.98100475295936007       0.97968606231063493       0.82015067723710622       0.89630185874313684       0.69463959538837461       0.80966546083252700     
  0.68600272068724366       0.63217332329289533       0.63689064565945441       0.74230233481741614       0.63548673363691111       0.91835735755385339       0.46047845825336381       0.72465327054978790       0.77285406652917610       0.63151254935272716     
  0.62294556967534276        1.0379854576920970        1.1077694279127290       0.78061001535930397       0.83723802056720220       0.70201039547475630       0.79077846790978179       0.87140828187566877        1.0392689399625419       0.76213103882979760     
  0.69505302644354505       0.65763351324759345       0.65434285763775812       0.76040563001361272       0.64958868173061624       0.92171837762166176       0.46813462693463109       0.73554928026258171       0.78291465099295587       0.64602966468120615     
  0.73189657449490875        1.0573307056379633       0.74995245149716327        1.0128687201972029       0.77062568409144183       0.64795739149760667       0.79946442038059018       0.89700268595402688       0.76568776790826032       0.66414315158153814     
  0.70612791040578293       0.68344554371659039       0.67120245628497321       0.77649691847384039       0.66330920792218384       0.92520082241420765       0.47545086027964173       0.74629019102628980       0.79309581394930906       0.65952547003448658     
  0.92373980054168869       0.75786213090015675       0.84079548599734288       0.71796992151529571       0.71426190494780217       0.98055398524837278       0.81847886704940831       0.73631093473837494       0.86753545970346901       0.78088984579426246     
  0.71809972058843241       0.70828273354682025       0.68799979961500313       0.79140950761800932       0.67936683544288468       0.92845799814898100       0.48241878966202156       0.75715940832179174       0.80388931979831979       0.67504065614868969     
   1.0669809975049385       0.98955812248091291       0.88804856529770582       0.86950360339764199       0.89501744888650392       0.87463560892318171       0.89153807832917831       0.75767004154064643       0.82107269665938742        1.0259355812282311     
  0.72900441312989528       0.73217461216189594       0.70524080114715826       0.80573863571314019       0.69657917403643399       0.93159048757026286       0.48974489625530720       0.76796157834537604       0.81589507134279815       0.69070399467946597     
  0.84509543440669910       0.82823728436043953        1.0612741224267512       0.63120993234914691       0.84586637615544769       0.83905550292551445       0.82629959783748230       0.77130848426594656       0.88623591846931293       0.78937708290835928     
  0.73964153058877224       0.75520771633992234       0.72234453206514238       0.81972900502980095       0.71401537488718703       0.93469766788322850       0.49730433185022144       0.77824432342949779       0.82740831543181370       0.70744832715331918     
  0.78717772442310785       0.84067545768385643       0.94532767131012985       0.70800593068411399       0.84581982760317453       0.77186659411141345       0.60957933786418828       0.75726526413876849       0.80217107416632805       0.89054719141430105     
  0.74974124205119963       0.77689187482148403       0.73707457359427686       0.83401133884437173       0.73078821765456448       0.93784274202061668       0.50529083374794259       0.78795165447370819       0.83855319578518395       0.72372437537511136     
  0.71136482295409553       0.72963643531056954       0.97265030037701183       0.77910222759842285       0.77809213638095154       0.97895709441210543       0.80260692327051875       0.63971900734172171       0.82987460382387102       0.84443822225545240     
  0.76003657134094027       0.79639966149314767       0.75073379355391190       0.84757153152635101       0.74751753567556811       0.94093503744576301       0.51363608253113535       0.79748816498111252       0.84730663674750073       0.74041675286105402     
  0.78589746967449869       0.59301900694033549       0.69265912985543721       0.64096282626043788       0.81477214168966494       0.86668443042196286       0.69864858714851297       0.66545300400960350       0.69711919702855674       0.77997146433539322     
  0.77088464397858203       0.81447277789792816       0.76356511739961330       0.86121851589766396       0.76256020616357389       0.94383695244022980       0.52240756933810073       0.80713338837176696       0.85606824768974088       0.75694562777793717     
  0.88861107608570988       0.74410030290171769       0.66548291245331304       0.91377028207106437       0.73084692079597047       0.98071113073030913       0.57199329324925086       0.84279604139767461        1.0851846879058167       0.70504365454553675     
  0.78224180479196326       0.83106032434434585       0.77556927033607104       0.87333853997590816       0.77647563720922508       0.94666782733014587       0.53188921027166458       0.81697633899034638       0.86413611118818212       0.77244695953127740     
  0.84360504665456826       0.81958334909318697       0.81312647853507236       0.81368620012381754       0.90207127408458498       0.83694048555862388       0.73940160847988534       0.86644023762142686       0.63328182996371196       0.75092244742123604     
  0.79447120434556529       0.84706302761934449       0.78980476637663566       0.88464201320246916       0.78879087550225380       0.94956588452793211       0.54140644179502384       0.82702555756525675       0.87186878339572882       0.78587953905500552     
  0.82315269417525538       0.81570553908382493       0.98280840332657216       0.68636819719272757       0.90446996943111313       0.74529678124009191       0.70291354121537064       0.85199464348741416       0.72173682850705556       0.76192760597980291     
  0.80671718935727066       0.86398910940698104       0.80524165447040918       0.89521776620486537       0.80246481163258565       0.95254472923725764       0.55017629826836145       0.83650572750543728       0.88061278846421764       0.79872323474321816     
  0.92921711110966754       0.97190697670792348       0.62632494544980433       0.59727542693103508       0.80156850480227437       0.79330691237982998       0.72826479710683889       0.86278125406849415       0.68065666485681442       0.72760038448966213     
  0.81787707712000535       0.87934971971794296       0.82106215633640267       0.90587385874227877       0.81490996925281933       0.95544798095681893       0.55879448006733934       0.84601454731382619       0.89054229708658239       0.81134412789276922     
  0.83804859012324262       0.92543551643113164       0.76484128943540541       0.73810514066014377       0.65877672724882974       0.80627474632751539       0.53363187016586855       0.95087597951352654       0.88454833951228906       0.87820594063314528     
  0.82825371078139454       0.89353370140022814       0.83681179243646719       0.91524281726659962       0.82925015692862580       0.95798439280422498       0.56793093045139142       0.85502046691131672       0.90077145396828295       0.82409773492224681     
  0.90462115773622986       0.92442666380913285        1.0395866086604155       0.71180228542049684       0.86544349932236364       0.60862616741174669       0.95346549556165738       0.84760301384074699       0.79424427553069588       0.64547215164063287     
  0.83822558925700030       0.90545334240005693       0.85220579187301249       0.92399322656249927       0.84373260861183752       0.96044298753873003       0.57878497741262391       0.86445234547553385       0.91057300301306188       0.84008746377626464     
  0.80147989191091351       0.93769703701100160       0.77752599986467119       0.94743860761843834        1.1354479104823603       0.64188631543772656       0.92881070694033541       0.74637983195750546       0.99689669525773150       0.94815441112155174     
  0.84752626629555794       0.91754978350546013       0.86831447705174780       0.93234988202486546       0.85763962883132538       0.96264554586245843       0.59110413688902486       0.87425481131619664       0.91981003446425569       0.85498126021023813     
  0.92612222307120251       0.80650778741415263        1.0755788758873672       0.75603312287949187       0.87263377621733484       0.57371285803465610       0.92367359962135598       0.74870691043210602       0.64787010633082887       0.94026981184495750     
  0.85785982571274877       0.92961292952724617       0.88529964753258450       0.94059601574323826       0.87242851231823659       0.96466848090392909       0.60443472878215476       0.88415166927331523       0.92898523095785024       0.87001611790583111     
  0.58825871563951782       0.98483328748963328       0.78762578542909145       0.77705421273661734       0.70300816309434566       0.87238445734184999        1.0734529376925173       0.73850425193985714        1.0840728115092946       0.83410819968912875     
  0.86826551492707582       0.94080431458060632       0.90324580692027834       0.94888124263237683       0.88950187878653342       0.96683483849792251       0.61871786165711040       0.89479062781641561       0.93799097032266132       0.88707416052963250     
  0.67927712065953116       0.77952499059237168       0.85383498183373530       0.63334456155159236       0.98836973990394483       0.64411125804258540        1.1663541917335465       0.81038626899706323       0.82212753303717878       0.80599772820732207     
  0.87958422165926553       0.95066395813680327       0.92235521008315957       0.95727616380777847       0.90755682496654333       0.96997725854469430       0.63389772547564149       0.90558098087345307       0.94768822135212816       0.90492318907919400     
  0.84837639347324878       0.64395530215028807       0.68067336927046718       0.71216912834430013       0.70378226415274747       0.84878503040198006       0.77909302543353109       0.90444876898847115        1.0517102753443961       0.92909816894276931     
  0.89263910025968529       0.96014227024733467       0.93796062324101304       0.96512799511153657       0.92421805813392688       0.97340151798565699       0.64875755095037313       0.91709604527858124       0.95684420790354985       0.92226820795850906     
  0.76580096578422741       0.69441686700598360       0.78163584187009549       0.83263765785264587       0.70624702546037477       0.95469434238575457       0.81785429562766288       0.82895623955568376       0.66480867551625400       0.84007492493114644     
  0.90582575419100286       0.96939323308272185       0.94928952650402831       0.97260330822261365       0.94001235434038022       0.97663034918406799       0.66420082359339139       0.92943863094416124       0.96550910003239976       0.93841339907317911     
  0.95156960664564527       0.86804340791654477       0.74856609090859749       0.72157566612023505        1.1979411870621546       0.69982006616473835       0.73561704184699073       0.89251675528881236       0.73626225521416666       0.91316692730470173     
  0.92183739208689242       0.97832130523095384       0.96077748527684270       0.97949752901196252       0.95566526476245739       0.98022854378615676       0.68386154452365977       0.94334322401832338       0.97418326035261205       0.95435554233380337     
  0.96704869678728689       0.91605604634750804       0.73097818948166349       0.58683254367921112       0.81505006890722476       0.66299768855166985       0.81222472195592232       0.74293610701754054       0.84064621834179798       0.89595089851385656     
  0.94010078995337898       0.98633909231394290       0.97196824942176663       0.98611587218809416       0.97052061166500203       0.98382459440049363       0.71264299545341125       0.95991491730319822       0.98239636524273344       0.96970542529609305     
  0.81598206273019713       0.78263164964603948       0.64976187492336845       0.56710005559608601       0.64561929444693944       0.70926883273758512       0.89619635021803734       0.78088297558301689       0.74661132800701313       0.70979444476336229     
  0.96684527151955757       0.99296362601732113       0.98367516139477407       0.99297750292086273       0.98576841520594582       0.99015012037190953       0.79685708450808146       0.97916063826528799       0.99126390763153138       0.98483606806573587     
  0.92773481155889237       0.73278376055528149       0.97773211705943108       0.90676553843992669       0.65313338003460941       0.99349820049347548        1.0462262886459035       0.73138080572278519       0.59013897238039370       0.73162295067419381     
   1.0000000000000000        1.0000000000000000        1.0000000000000000        1.0000000000000000        1.0000000000000000        1.0000000000000000        1.0000000000000000        1.0000000000000000        1.0000000000000000        1.0000000000000000     
  0.99511956440267302       0.83952934965685866       0.88221495209947354       0.69191224044083743       0.82392329803030451       0.80400191742811578       0.68232392848702272       0.61794210335198241       0.66910785183448751       0.78961702196967687     
   7.7852197474154696        15.841881789758887        16.108918856940242        15.193339796155508        12.013633970559127        0.0000000000000000        17.263279959889136        10.067632882751186        13.199359692912740        11.969699372345781     
   9.3920071384998653        9.7897950679722037        8.2329118332827402        12.274044293637717        15.211685759848299        0.0000000000000000        12.065239259396996        10.442888708931170        8.4389744171191321        8.6904710341475013     
   9.0881056586514699        5.0513248490267033        9.8344924840046453        9.5296702041861518        9.3723888629633514        11.723716704193144        10.202975255139197        17.508300574745522        13.346767956066655        11.438159892883577     
   12.243214938978355        9.2741208966580615        15.336691890676931        9.7605612826356154        10.535184486657593        13.327757984977582        15.269249620755348        11.924350782451020        10.247886139079148        13.078085389342533     
   11.302151706020991        5.1916707549213656        10.425158192277111        6.8876664983976932        11.927427801169786        14.734126668538481        10.031957404051413        10.285821760065025        15.914248834586521        10.948973049444254     
   15.197937092063349        4.4821291766297566        9.6813721581212029        7.7516982875499343        11.530802592077878        13.357281187683366        10.442255958950090        10.806610985796009        6.9247692275388841        11.944263761175858     
   14.456392589149422        8.6663179870007081        13.335310473197449        5.3013910805394202        12.329721008959462        14.228156529592317        13.394450966457601        13.757381782314560        15.656674690719282        12.887705732674579     
   8.9646614910033815        16.391882659684775        11.132989037172994        18.202005676077167        12.225916288124058        11.389034670796365        17.535568420778130        11.417461974296184        14.226895978980943        14.239987147244893     
   7.2832922952448644E-004
           1           1           1           1           1           1           1           1           1           1
   4.3734256600065776E-004   4.2733414685099032E-004   1.0879435722807515E-007   9.7400529874460311        7.4085450618285720E-006   7.6419449236219941E-009
   5.3432981534943417E-006   5.8300558765644364E-006   3.5476020081933435E-007  0.12163061195771868        3.5465056766820688E-007   2.6674507855009031E-010
   5.0000000000000001E-003   11.993624717261477     
