   0.0000000000000000        0.0000000000000000        0.0000000000000000        0.0000000000000000        0.0000000000000000        0.0000000000000000        0.0000000000000000        0.0000000000000000        0.0000000000000000        0.0000000000000000     
   2.4294149873349694E-003   3.8990823527431362E-003   1.6062410713546450E-002   2.3555919443189580E-002   1.5538887367843240E-002  0.32956521601058447        9.7830234764022334E-002   7.3779530850307834E-002   4.6339328812475641E-002   1.6664929219342317E-002
   1.5683065063463983        1.9292700609350155        1.0716833344409848        1.1152948545954500        1.3955022954074596       0.63658820514063563       0.85465777003874255        1.0091633805600380        1.6225046006501560       0.99837619232992092     
   4.5546397074394743E-003   7.5959754895697324E-003   3.3057265740857406E-002   4.5810018151625991E-002   3.0029269800147192E-002  0.46346333858509031       0.14014350094308378       0.13257623530791735        8.8925896303574781E-002   3.2572669797010269E-002
   1.2699922342337293        1.4819442908610443        1.5292508003692049        1.2247311710821731        1.4857067123649679        2.7219714014058050        1.6630567646764522        1.3218806730669530        1.9197332538457139        1.2649265289186642     
   6.3297014993264874E-003   1.1371805376247681E-002   5.0158447673979444E-002   6.3491249550291007E-002   4.5900727107538675E-002  0.49635435577956893       0.16145486513051543       0.17819005526589110       0.11986302292313886        4.8884780580738786E-002
   1.1738344964071774        1.5858433100388281        1.0939767824824502        1.1063368854641376        1.5516435925094845        1.1478340961048632        1.1032729039463718        1.4255608022959971        1.7962689217004886        1.3251464467808591     
   8.0555010821200847E-003   1.5386592246301047E-002   6.8053424764324411E-002   8.0684612078047349E-002   6.2053458677354019E-002  0.51855990611675029       0.17595456367248191       0.20501053934333990       0.14787734991290458        6.4762153099728978E-002
   1.3059832723637290        1.3751104706226840        1.0306404104530618        1.1630060734931580        1.8463206562041858        1.0149452917368669       0.97600835602449143        1.0675446280371452        1.9022488436355462        1.0886018507561452     
   9.8357326094603813E-003   1.9865463011859871E-002   8.4835139152115963E-002   9.7018737763673243E-002   7.7742777144249334E-002  0.53618757711319376       0.18922255309536468       0.22274995176303181       0.17053815547677920        8.2205781045856338E-002
   1.1064677410373782        1.3600629017105008        1.1941043047284987        1.2414558701429426        1.6191334019732586       0.95885434347324039        1.6715959309099475       0.91384933174797944        1.7613597668566281        1.1344352047479844     
   1.1832017745864301E-002   2.4909386315710727E-002  0.10170556733512215       0.11221158186857973        9.3343917270355445E-002  0.55670892987994836       0.20079394050542063       0.24170368258781580       0.18941514953378974        9.8940674480661919E-002
   1.3156108326882399        1.3389985688760666        1.2333442993903874        1.2254683398180124        1.3013978526254084        1.4864519816404249        1.1486480070775422        1.0491354013002563        1.2021416339890052        1.1999247800145409     
   1.4163318598254329E-002   3.0196826392839028E-002  0.11778923298558744       0.12746916543334511       0.10895272978144424       0.57630883645650877       0.21140267594403520       0.26395821203796216       0.20619830038984596       0.11666215119428826     
   1.0807386377927508        1.4031685965623826        1.0245102129551980        1.2145427137267055        1.4000900453370944        1.4656540771803070        1.4948455877445805        1.1482425475201552        1.2081842339491846       0.95488348680223423     
   1.6691167631413928E-002   3.5458498752089562E-002  0.13322071663025103       0.14300536919083018       0.12590752816328538       0.59237821303972393       0.22100037027151978       0.28989394107651295       0.22341127745446238       0.13512573757164598     
  0.89074628180636539        1.2710168990177093        1.3035153043990531        1.3181545118958788        1.2182101652737711        1.2867584732484632        1.5354782157204980        1.3229445970541454        1.2658082214452862        1.0923647252352477     
   1.9396340174247146E-002   4.0871524040204957E-002  0.14840099912678767       0.15785142456857604       0.14218962896038545       0.60693248992775084       0.22956336777747272       0.31299645675548654       0.24227114087290094       0.15306590152164612     
   1.0675227519672328        1.0275727335585572        1.3974855293374713        1.1295223310424394        1.3582102236405922        1.3211065668770687        1.4577811175057878        1.3671842840260133        1.7624830765135939        1.4758237409539601     
   2.2420630175393232E-002   4.6758824901435680E-002  0.16368175797021950       0.17239856896949987       0.15824166533281944       0.61900012049025654       0.23738125132664020       0.33361255473361445       0.26617681254815928       0.16970971954439826     
   1.0316410695112779       0.84105169517741396        1.1294822630988057        1.2195520543180984        1.4577164380082677        1.0534849599913594        1.2643374022011640        1.1729064214771256        1.7974255352804742        1.3605267697341967     
   2.5755394096444131E-002   5.3292014763666636E-002  0.17888075404298845       0.18689850030243979       0.17358383669981439       0.63070581337891107       0.24486327403290534       0.35365569282367598       0.29104221717686429       0.18550657063580639     
   1.3057823527136234        1.1914099474796218       0.98514668681264328       0.98171131263475420        1.1924557046757009        1.2058968323952093        1.0833426438763438       0.96827057435144614        1.7105381615847015        1.1653873288658885     
   2.9217111089379869E-002   6.0696394059023107E-002  0.19358062950650085       0.20142660068579635       0.18852035560524041       0.64138178493561593       0.25276090556689440       0.37254781086003519       0.31536876804301461       0.20106255481072585     
   1.1620384658223772        1.0460017861427593        1.0196657688544801        1.0674057405609703        1.1332349434038058       0.95965940036872288        1.3113190043024878        1.5614873489883618        1.4020483419892333        1.1661170593930206     
   3.2640599290979261E-002   6.7889837181774174E-002  0.20828744248021647       0.21365760756767291       0.20330763652020800       0.65227727164597693       0.26098567908888393       0.39029734404476008       0.33728421997886121       0.21585093972532376     
   1.0841713503820509        1.0806855009442178       0.94053921178488886        1.0670325562024332       0.95118851892541390        1.1310153292337402        1.1027319434904224        1.4460177771316687        2.3116953222931591        1.0990778791947726     
   3.5788669486515309E-002   7.5350900194965070E-002  0.22196639064645510       0.22568783740866943       0.21801247474112601       0.66395541902239963       0.26935904469974742       0.40732817558753165       0.35661822429154205       0.23122211590964004     
  0.93828086748708306        1.1666107604104925        1.1756836126676857        1.1989808647422719       0.91672536940673555        1.3240776350050179        1.5238693739636846        1.1335264833499250        1.4933594419866041        1.0972235656103517     
   3.9108035982631149E-002   8.4022572894984410E-002  0.23453152274428263       0.23762581848521036       0.23390746384570027       0.67499394520637956       0.27757077766964500       0.42479090303037670       0.37455779717381904       0.24692438523068633     
  0.89092223466116882       0.89503147522039461       0.75341772363202497        1.1611808633719036        1.2343252287732625        1.3585789922435516        1.5210161845707910        1.2190735194233995        1.1433470307837303        1.0984101170362965     
   4.2500321781403345E-002   9.5076447371279502E-002  0.24717738619147514       0.25065894553692752       0.24988055089824432       0.68469189012876175       0.28530883452595895       0.43828341284638384       0.39227733241265361       0.26239665560740877     
   1.0436322554421076        1.2331137091647790        1.0387387134163224        1.3341074057008302        1.0965001535629491       0.99439318646933150        1.1128388403775058        1.0650721514463199        1.2044989543700702        1.3827087629918615     
   4.6304182827162026E-002  0.10681660739059326       0.25875940843977691       0.26416847706755114       0.26575628063795531       0.69402159489675419       0.29284139220042416       0.45323291372806773       0.40919253421371854       0.27922504882979055     
  0.83493812694747438        1.3339632919900002       0.87603958830051365        1.1020661156601204        1.0274333581275505        1.2058924529289450        1.3953199013024229        1.0609196323046444        1.6840557156258711        1.5638241461392997     
   5.0770861889375407E-002  0.11980655285534496       0.27328712867168042       0.27554581008561591       0.28160892539023902       0.70419704053040411       0.30019225210431644       0.46792102294146198       0.42549904185724924       0.29594338184045449     
   1.1438628020465862        1.2791982519400169        1.1171247795964225        1.1918474986401320        1.0057534349264985       0.93038431574569358        1.0923276270245046       0.92625573732159494        1.2151626988059872        1.4118874901612528     
   5.5536536917992867E-002  0.13343385172320690       0.28983441790746561       0.28586169376596399       0.29872586360641001       0.71393237529583398       0.30744626744626297       0.48463101137801734       0.44123699640058583       0.31237116023364631     
   1.2943019303640257        1.4236278119362731        1.1807210601594145        1.0992824601701767        1.0128299958431850        1.2677365590880119        1.4087134780917261        1.3981414826626937        1.4438416016799851        1.0621717028800057     
   6.0543019959950463E-002  0.14492728124699128       0.30686296234140287       0.29466436382542155       0.31647930915347267       0.72318168549469863       0.31466514086996639       0.50070345102765479       0.45646546171108315       0.32932659723194257     
   1.1908338931876736        1.0289851317024510        1.2134541841759936       0.81883947869647877        1.1223911524330887        1.4987229109708031        1.3483015504562437        1.2497760923629848       0.87874826802680961        1.2714854872331269     
   6.5828377106824987E-002  0.15586774932041625       0.32484359594194223       0.30380042481858049       0.33378606464277155       0.73197067338063326       0.32171728531757721       0.51398674962365687       0.47128692450478116       0.34552923753805387     
   1.1777981536455637        1.1800465258191191        1.2264728013068660        1.0210417918340142        1.0005141634929300        1.1486199445082310        1.2306189591684358       0.99117088274460818        1.0573758276375533        1.0920477267151734     
   7.1243251466457158E-002  0.16734614667145559       0.34306725231692714       0.31406566923190177       0.35066747531099612       0.74068328647771775       0.32784244333868595       0.52618938414400318       0.48576194794547933       0.36230838468742410     
  0.87760101465697171        1.1994132302419120        1.3387755977665559        1.0068416301702943        1.0962887038577849        1.4837847401201794        1.3678264480357982       0.90607821574590530        1.3463345573197745        1.4337998766844053     
   7.7068832140967436E-002  0.18238708178061414       0.36021525170669649       0.32612210168725647       0.36827737699348251       0.74928884202376234       0.33364569214903889       0.53959140703497199       0.49887723965564745       0.37811445277138944     
   1.0111495649023390        1.0600708887869053        1.2790315795961638        1.0232252374341233        1.0049061967366733       0.97973534436122522       0.97127588129190201        1.4100080239751309        1.1963214286531356        1.0432425728424239     
   8.3163008678055136E-002  0.20035357702226328       0.37664774363661879       0.33875984788282615       0.38653217384105920       0.75769767709601465       0.33952221669196847       0.55304219001812560       0.51208144480722684       0.39320695216688484     
   1.0670072363843404        1.0884867679562014        1.3181776095686890        1.5450389709715098        1.3426629249942748        1.2224234821699922        1.0518362865551181        1.1098568140051179        1.0283439752836765        1.1858850016966407     
   8.9665453857791122E-002  0.22159043708927498       0.39182050134042551       0.35165019870162056       0.40486096133186600       0.76557022323536061       0.34550606335183742       0.56677292582693262       0.52507353759119746       0.40795458151849173     
   1.0336599546300933        1.1469705217402211        1.3879841983494283        1.4341088043679362        1.0633627830564720        1.1873149643348697        1.0451403870704981        1.3275320769360024        1.1361703330449167       0.93741188036994327     
   9.6529274570310769E-002  0.24276910228448051       0.40676136769420584       0.36456905257014371       0.42310661995384330       0.77265743110585161       0.35200079286263325       0.58005667484340684       0.53690615208273296       0.42335698656862458     
   1.2234095019123443        1.0444534228618358        1.1140307081905056        1.4162968373498572        1.5687760460971940        1.2291133164147932        1.2925273539521598        1.2253077783473536        1.0616020110290940        1.1123454919362248     
  0.10367232975419081       0.26472072320689904       0.42191662211018838       0.37732238510716448       0.44085731397719224       0.78001921974739541       0.35866471620879165       0.59251352135112734       0.54875315738896935       0.43939015230154449     
   1.0274930704522813       0.98417169355390466        1.1310537415332291       0.92681191778326377        1.1678066849002235        1.2101767217096142        1.1286820204974377        1.1467286895728279       0.86542208615892502        1.1579798017066907     
  0.11120813010778198       0.28959194908694375       0.43820872975934505       0.38959084905047175       0.45824551746460446       0.78710869531257099       0.36479201568601283       0.60472204391200557       0.56033895219373486       0.45524138360447958     
   1.0776045631901914        1.0124716777860754       0.87200670053885510        1.0676810052990355        1.0123121935538011        1.1431832479979589        1.2538729283699177        1.3415875981884280        1.0750555604715355        1.2932947039755891     
  0.11935285897353853       0.31786162316039412       0.45536033874950149       0.40107635095398647       0.47545913922105271       0.79463660811002468       0.37046065332039241       0.61666546754436924       0.57213781026483490       0.47176364803089382     
   1.1292737033834037        1.0597819884867044        1.1992782300084706        1.0543272925366018        1.1648792792448230        1.3668814252443249       0.99486238483523959        1.1579032769304702       0.93173633894632690       0.95786353588742412     
  0.12800944804337583       0.34838269948514428       0.47236870901929645       0.41236307668278438       0.49251969258711925       0.80173738583620013       0.37414151929732170       0.62780308742590119       0.58440392006279041       0.48881217649732323     
   1.3283281546604262        1.0892032584795850        1.1926817442178304        1.0921704044693379        1.1466299544208027        1.0820101888987312       0.86177295947166932       0.96869067756876182        1.0615160868153333        1.3901557597473142     
  0.13713165802521118       0.37925789456397263       0.48919553281918837       0.42444517901335593       0.50975755050857996       0.80791559667897217       0.37706204625450551       0.63861907572412091       0.59772428406670475       0.50623979071836878     
   1.5067720564290414        1.1049197827440298       0.92120597496824386        1.2459579092883792        1.1290713788622371        1.4709551933606888       0.78225458174921858        1.1506605562384924        1.0581340021144612       0.99172487353927774     
  0.14632940364894179       0.41311733266555584       0.50491057461943323       0.43740719766988251       0.52616607718148012       0.81346738713901723       0.38027938466375205       0.64654240469175961       0.61237980557252403       0.52317523122851473     
   1.3394890465873071        1.2408170974619159        1.1139148641614880        1.1012155897709377        1.0720915736630403        1.0463489652467011       0.74700527943572514       0.84555394023954911       0.98141374858516628        1.2510117336837792     
  0.15528079737704892       0.45354799855430533       0.52089801344893250       0.45065686331267996       0.54162777143143792       0.81857314866295894       0.38465564267702201       0.65429804369037026       0.62696447757285145       0.53971990605308606     
   1.1034000561418149        1.1621852014633158        1.3096471558947222        1.3557773684581553       0.91103535803152835       0.99419387923559865       0.68730753118930465        1.0241767466482585        1.0793063247441383        1.2490024046919266     
  0.16464452045688158       0.49520552333452655       0.53703051107325661       0.46338930132002965       0.55631268188870819       0.82345525540149189       0.39146750703403321       0.66228552969665944       0.64102571439372724       0.55666406709866290     
  0.86086113583367174        1.2354716736930451        1.2297222780932886        1.0460543967042442        1.0100095000508453        1.2051910819637930       0.90615118398862426       0.97798209017034365        1.0292205302227926        1.1348541552117133     
  0.17446864650571636       0.53513215159747785       0.55311469515936085       0.47459727755677461       0.57123722497321217       0.82857697246290274       0.39892960261742749       0.67110804237850052       0.65406009089213868       0.57163555828198109     
   1.0395803283725658        1.3931178878323356       0.97123139421421700        1.2245050344470698       0.81524270128253895        1.0859846764128080        1.1883651367416685        1.0669952323949492        1.0099100237920169        1.0199720245841357     
  0.18364293546839031       0.57409232006253363       0.56799529620178679       0.48501332709481770       0.58710530323336274       0.83387335758957193       0.40590447909025762       0.68251393971085905       0.66461458851671784       0.58711237581791831     
   1.0326205731817362        1.1177533829578805        1.2160322247679682       0.93900827434071632        1.1598248569210772        1.1081728910284090        1.2296917923334703        1.4696456492078249       0.95372494720249812        1.3117096537946018     
  0.19211206969936878       0.61327511132116608       0.58322184642499697       0.49617234102746632       0.60258183642977936       0.83937183432283635       0.41277260453781178       0.69404853521519538       0.67657994025691204       0.60289216378087573     
  0.83681331033286599        1.0457738588971568        1.1356067538962649        1.0096564115102911       0.91939454919227004       0.95136504196918148        1.1295551685449770        1.2061129221414288       0.89341505032403901        1.2809847763187172     
  0.20097987673893350       0.64775549740364424       0.59806043896367378       0.50852308264288770       0.61846114599026403       0.84499465943136864       0.41947531930067811       0.70563588360629437       0.69038510133399578       0.61794121833494264     
  0.94209497731961389        1.2498962120598860        1.2310893399255454        1.4066283880898527       0.94275999425293855        1.1584829068142590        1.0463574957323376        1.5485309799895348        1.1590351707408280       0.92182159089352000     
  0.21067249676354338       0.68115325635474899       0.61333134834587522       0.52205365525096059       0.63334042494098963       0.85055249424728574       0.42657177896561937       0.71682825758720692       0.70304252265788358       0.63251062816559933     
  0.97605657339203755        1.2810167266383710        1.2324932034313207        1.1426907476397110       0.82874395112995092       0.78155219432850676        1.0078680034668126        1.2382415307551597        1.2040652587310763        1.0281086659154084     
  0.22210519410542257       0.71349404567988872       0.62931457944941305       0.53657602274515848       0.65320634741592398       0.85602650726188434       0.43405124379877286       0.72648137794298040       0.71610085035705895       0.64692273671416300     
   1.2281242413618905        1.1453030348100348       0.98993577166547941        1.3141064108154208        1.1298120899828676       0.88051751259415822        1.0784684395307378        1.2208937199294334       0.99033286024407352        1.2085486488297008     
  0.23595547229311370       0.74579010611294005       0.64578798659607017       0.55157627646530893       0.67275956466476816       0.86158697708936838       0.44188828803147007       0.73642179160587495       0.72873412255305270       0.66112753325596985     
   1.2352283271032898        1.0985012048585998        1.2400605744790674        1.2733503746264796        1.0345704498340302       0.96180553117791412        1.3663558217925369        1.2736315711964488       0.96878019437448404        1.0952728386528401     
  0.24992058095777855       0.77256986972257502       0.66291697732743260       0.56669281338332611       0.68962148037394155       0.86740066409943362       0.44950304541219388       0.74639560732513965       0.73899155096906344       0.67313981043674354     
   1.4469358285481853        1.1831802937395144        1.4593298431875215        1.1563106044909672        1.0703527127045731        1.1127591227550790       0.89172531384825660        1.0666419214119940       0.90499835582579757       0.84752514680680036     
  0.26501973183528932       0.79871067187527856       0.68008795868326044       0.58148439696415866       0.70670648645039480       0.87355032423792334       0.45653126713043279       0.75630041482419641       0.74840332532763054       0.68475415178637744     
   1.2018300791716681        1.1783626751522400        1.2605758993628327        1.4730185623253080        1.2871149302462652        1.0758305174179446        1.1037411069281853        1.1133466164118808       0.93648068906750359       0.96315322508018197     
  0.28037479108239693       0.82212807038935665       0.69631241139284794       0.59622249152840856       0.72429438154389325       0.87998299257916901       0.46334173595000361       0.76641538006524945       0.75744776368975175       0.69688291975245398     
   1.0847111337561308       0.97792350804928874        1.3712715460314404        1.3510461656702886        1.0663596344412305        1.1806497758245877       0.97751136613695122        1.2537602237031671       0.81419350793156264        1.0158482891549971     
  0.29491418432751043       0.84471022672754315       0.71215964773658735       0.61044763176744887       0.74297044017598479       0.88657071068247384       0.47044684535545389       0.77676854935759843       0.76639061834786326       0.70970048225955551     
   1.2998676538826353        1.2308358987341628        1.0837364843984141        1.0599445654119477        1.1349330645045013        1.2117183606262913        1.0550662195665370        1.2646436175127518       0.82461848793234982        1.0342477185203687     
  0.30906437730143643       0.86210972838556177       0.72850119979880934       0.62482975114079964       0.76147957140774336       0.89300630953721960       0.47847419079836739       0.78771307413226943       0.77847442443600290       0.72590954208860625     
   1.0542795468246731        1.0772358895809213        1.1511705087460498       0.99802809902354739        1.0335620882716243        1.2698100337892779        1.1703620452597026        1.3570369033715881       0.89751078379901450        1.1609919664738875     
  0.32403523509423193       0.87818038012076083       0.74611277824016531       0.63900970139277968       0.77813088812670472       0.89909646280658873       0.48696923210440179       0.79904413625304005       0.79109514430799421       0.74224418970699824     
   1.0458949255145067        1.3624459552796637        1.0877929295028224        1.2296994081882844        1.2500678442321267        1.0851673640438075        1.0486548371817135        1.1070936386670387       0.99303130364629200       0.91064398350178744     
  0.34056565550772699       0.89173566020996653       0.76414210484366718       0.65332814305236797       0.79216806516199079       0.90443718350693147       0.49606815431838830       0.81035358451314765       0.80521054416241900       0.75892825275252662     
   1.2454019246581902       0.95963359400408454        1.2734896716747399        1.2934885689957853        1.0913135670690126       0.90600535206434996        1.0609640143503958        1.3539308039817401        1.0955470306753834        1.2035209295039333     
  0.35976284002736308       0.90487428668686887       0.78130585840624200       0.66668326798570210       0.80335228333834952       0.90790568965358953       0.50548455700919670       0.82142422495756662       0.81830097980822725       0.77593998069642967     
   1.4764288721160044       0.93050330800837877        1.0492886483084405        1.0424780016120243       0.83513397378090259       0.90699031133651731        1.1053577591830692        1.1812247692228148        1.1116681967432285        1.2589609489715541     
  0.37855390071657480       0.91603621364287746       0.79664192202612449       0.68115079016125690       0.81514919614029357       0.91142570986207982       0.51491590611387639       0.83205185009779670       0.83065067196335696       0.79383023651393603     
   1.1849361532628657        1.1077433669708354        1.2078865949086861        1.0137476531444405       0.89001117230808058       0.85058374111844592        1.1016633514928336        1.2098766332471560        1.2174073948132265        1.1997386903963765     
  0.39831031268494016       0.92614804286750119       0.81116441779500292       0.69616300362665773       0.82882219011721536       0.91485165679538105       0.52424889246071105       0.84262313069015771       0.84293041694633863       0.81080838870321448     
   1.3451822573623966        1.0165974956675199        1.0088855816809368        1.1980075983491851        1.3136197858094727       0.90359265967428493        1.1345290412274773        1.1219664647291439        1.1226336764595883        1.2433435909887629     
  0.41918835034484470       0.93567894211019342       0.82601862837576623       0.71096811154202133       0.84363846049998736       0.91912374185547385       0.53366830337710236       0.85315433441436939       0.85569889939444022       0.82696937062583664     
   1.2421231891641338       0.91220970906884102        1.2429033133941336        1.2371315355365509       0.99210879218695580        1.0185326959181706        1.0705456999028193        1.0787765794393147       0.92585356152040332        1.2224855949753739     
  0.44283630594485174       0.94486866792261970       0.84159142470866610       0.72527492648556158       0.86154033027072308       0.92505553044158717       0.54339703890810409       0.86352117218571411       0.86840617932840602       0.84260604198945088     
   1.2732471173771274       0.97868759097740288        1.0933017947281656        1.0079005572121607        1.5052789768171673        1.0635215390842079        1.0108154818168249        1.0908401929668277        1.0042864514975296       0.91830194902391460     
  0.46676333802229697       0.95293534311611294       0.85825960768827236       0.74097501147662259       0.87765692184829514       0.93049809840571507       0.55365118414084957       0.87439305512054022       0.88112359203597224       0.85835806977753293     
   1.3085411699338012       0.83608149331294168        1.2010915772842898       0.90177486962425102        1.2407307074517113       0.96326394278428551        1.1445772863326340       0.99097855056304540        1.0166071368425202        1.0532146011437078     
  0.49123708034295016       0.96012682480789890       0.87471533828851522       0.75756972412253321       0.89238983877138567       0.93584822127734535       0.56437191250372976       0.88629177118497071       0.89400939259821477       0.87493095421696798     
  0.99325444974571153        1.1115508865414236        1.4507687494074228       0.97394570298888195        1.1287017990493433        1.6022126873476998        1.1527776239285892        1.2203211574405797        1.0784468836282948        1.2083959482225379     
  0.51589019029072891       0.96684799018443346       0.89070482217707581       0.77427721260775106       0.90598601060791961       0.94146934825589301       0.57562108946750201       0.89767825637634624       0.90702445130625786       0.89002716745597021     
  0.95750422285236281       0.96545270849866094       0.81020058408409301        1.2114224703382961        1.1588372314903836        1.2527962395278043        1.0522764035322472        1.2043997883146735        1.0185937472374176        1.0263369639254414     
  0.54355247685885544       0.97317042224149675       0.90743292140448040       0.79136993969388869       0.92054762288764191       0.94600986296251388       0.58760272221238163       0.90821532586652998       0.91987272727504776       0.90436233789807308     
  0.97354930961058672        1.1050618011919091        1.2746573695929733       0.82312990322148616       0.96358178612678291       0.98367490405698554        1.1732770046042078        1.0256378193567357       0.93171273144194489        1.2103711651593945     
  0.56020385876736523       0.97886740275223716       0.92286499427814450       0.80850416461122032       0.93510849525928219       0.95108167024100976       0.60166937301177859       0.91904837749976498       0.93219595567507052       0.91863868917976743     
  0.93389226217913301       0.93431271660741411        1.1756811043848214        1.2367236907154084        1.3551551682659493       0.98426804992130279        1.2169173436489304       0.95132024920643465       0.87050955205408131       0.96415194273100446     
  0.58436350957402516       0.98353837223211471       0.93811119986418845       0.82772491622143218       0.94812047038470437       0.95684313174874724       0.61709447624542679       0.93108581316183880       0.94441500971068781       0.93361813945863925     
   1.0705990537825090       0.88973111007359063        1.1008808669087562        1.4029737788758885        1.1677069550930750        1.2327409365975941       0.89911465734714646       0.94786258182193195        1.0079977282917705        1.0325482731873534     
  0.62621406665010637       0.98758571258081007       0.95225410204729488       0.84855568663903980       0.96141467413436543       0.96313321272668728       0.63452045557734582       0.94281656643255141       0.95631783166754480       0.94966897124395921     
   1.1715701986303684       0.92775197925968900        1.2609511829591695        1.0279145105088492       0.94297528939179009        1.1386512174196599        1.2849869343399114       0.91740686594846732       0.84494769558266980        1.1319402701839119     
  0.68628830745998892       0.99108334010214083       0.96592560131672667       0.86869761581066518       0.97377259981456044       0.97055205422157476       0.65513085931125847       0.95605639253945573       0.96752097073935017       0.96492960183797294     
   1.3074235447123459       0.94473021924253164       0.98400878682508752       0.80813720809087275        1.3994199803763823        1.5540808066260514        1.1328933366815959        1.0069771011851869       0.91632708223004988        1.1560054367394557     
  0.76276109420332394       0.99403183979007481       0.97781316660172157       0.90237119884959138       0.98362149519670206       0.97765916408332376       0.67936160896460918       0.96960108670274658       0.97840653876879147       0.97745697696089406     
   1.5131095660966609       0.94222607572738348       0.84919794958771300        1.3816693973686343        1.1027415926959763        1.1266769929330802       0.88404936338826634       0.79657423641023783       0.88084591902814457       0.87477836922483188     
  0.86956768723273148       0.99707508186216542       0.98859860937373967       0.94446663559225075       0.99243403902378702       0.98828541746121590       0.78449323640585056       0.98427321443533344       0.98926487405417229       0.98842312847279923     
   1.2916554978242685        1.1248891699242292       0.95586381795907849        1.0171921315938655        1.0498712055963157        1.2938945887296023        2.4337742862942875       0.85679092184836192       0.83394535706185646        1.0259853713886480     
   1.0000000000000000        1.0000000000000000        1.0000000000000000        1.0000000000000000        1.0000000000000000        1.0000000000000000        1.0000000000000000        1.0000000000000000        1.0000000000000000        1.0000000000000000     
   1.0263896769956109        1.4000779694033485       0.84353839745640091       0.72818810262283606       0.73874267058403686       0.73096035700018303       0.61898919755116621       0.74964052851769081       0.76777958240669963        1.0465759452918582     
   18.634503273703352        22.894855062956459        19.039541598567052        15.897259812089972        15.168146731303628        0.0000000000000000        8.4603595566103262        12.107399582646295        9.7950624471362175        13.363816295283637     
   17.476321036582920        8.0255560679435529        24.555281683052101        18.191447550193828        20.340144869968679        0.0000000000000000        17.663924379090503        11.912109965630449        19.313590718185640        12.477388088592997     
   8.7794114783327135        8.9542346168180789        11.887628252254665        14.988462536591664        10.338180612187982        12.886451839418656        19.372619419070769        12.902416163162144        10.710439087370766        19.588983391786194     
   8.9402251354369309        8.6130069678156804        15.166826972703614        16.541809225016937        12.531689250218395        11.801562711859917        19.092858545259318        12.775281485729169        20.023030915112908        20.787460118415463     
   17.922407285031696        6.3809376815909822        13.026150467856498        12.513921316504330        11.387725036148401        13.249844834896429        13.784702073464963        11.813277854235388        15.209352553198867        13.123117096544435     
   9.0263219769460044        9.9345814762472830        13.267405120858021        11.219217630439728        10.886115198680354        15.452708476277936        16.058016171885509        25.432154405118240        12.691596852638980        13.792029877111906     
   13.130340203887654        8.9491863635406101        13.679334933077625        9.3241436639691297        17.864811870296325        14.071707680936866        9.4932750772212593        14.980959587539841        12.649573903829493        14.316674575559704     
   17.029450172941022        25.715980334944987        13.127902482140279        18.423218394406778        19.624020077769469        23.875646373035174        8.7262931351670652        15.695761110055868        13.484711147947664        14.621971296223368     
  0.11028770101637174     
           1           1           1           1           1           1           1           1           1           1
   4.2939809901492224E-003   3.8904800653051835E-003   8.2513162587711358E-006   12.801597510444997        1.1802706704167683E-004   1.8023420162646635E-007
   1.7756831886720666E-005   1.8084758382801089E-005   3.0300548907360573E-006   3.6208003483474270E-002   3.0292918143961960E-006   2.4502101686804075E-009
   7.5696623119539943E-003   15.668452747949942     
