   0.0000000000000000        0.0000000000000000        0.0000000000000000        0.0000000000000000        0.0000000000000000        0.0000000000000000        0.0000000000000000        0.0000000000000000        0.0000000000000000        0.0000000000000000     
  0.19677170083531134        2.6232964388590474E-003   1.8474501102577049E-003   1.6466971264576306E-002   1.7563077840325486E-002  0.34950269241732318       0.23170772058331665        8.1710205823756682E-002   3.0593591400215718E-002   1.8900167536518180E-002
   1.3575956028888185        1.4359355521754675        1.4754044118960685        1.4379853122906352        1.4116747458938455       0.65694512313645814       0.86535268675330990        1.4227535788297170        1.2529551106187520        1.8755255716225578     
  0.29129013117799740        4.9489114778230869E-003   3.7246722767359211E-003   3.1998298837766337E-002   3.3761636817755271E-002  0.52169701338809082       0.31490347484079401       0.13965561236529012        6.1216020275088615E-002   3.7745806483517039E-002
   1.2183632797748849        1.8231450410326557        1.3606071978462777        1.2614377946891515        1.2080722440197538        2.6648079226442096        1.5969016330878441        2.2102798921996607        1.3866138388777633        1.5809152918912972     
  0.34445165744890816        6.9883043943433460E-003   5.7095410406595602E-003   4.6242458320576475E-002   5.0907132691015045E-002  0.55349468387042799       0.33907389371627922       0.17744252735952926        8.5912636673537671E-002   5.4652362048750402E-002
   1.2103063069201323        1.1274831253723008        1.2916329385477607        1.1937338454978954        1.1050332420126905        1.1606185617794378        1.0311285343336414        1.3312958109708408        1.3465820664772725        1.2653772067104279     
  0.38228505047450900        8.8375075723514888E-003   7.9739521038154348E-003   6.0612643442550296E-002   6.8205669559024656E-002  0.57657694269964721       0.35821188862120090       0.21071721726520073       0.10551761855088559        6.6964432829118611E-002
   1.2033200734189344        1.1019391066930055        1.0132753522828730        1.4385535819272663        1.3360943215658352        1.2286531145764272       0.90880080782350048        1.4753223889595946        1.2391162487633864       0.91987937659491004     
  0.41873926921872295        1.0688472544924756E-002   1.0677758610380977E-002   7.6124060782275196E-002   8.2050088942766441E-002  0.59515483774006672       0.37206944052541890       0.24109143149361523       0.12668739249716843        7.9357433995385543E-002
   1.0900720365039160        1.0799795575032385        1.3995515652342505        1.2263561199575799        1.1439946193540773        1.4414210909640188        1.0072681780311687        1.4663357443146499        1.4099653086187331        1.0229033727225509     
  0.44951234318455058        1.2768379874264263E-002   1.3667107282032985E-002   9.3995388101137056E-002   9.7309692231964298E-002  0.61148111724623810       0.38544180304936243       0.26670118112583174       0.14400734323389761        9.1078169558156882E-002
   1.5759037535835465        1.1719926353761390        1.2931404393702419        1.4792292394094406        1.2835597133460359        1.4112115501585096        1.0496652726139357        1.2689488076442752        1.3066811245741350       0.96585872103205583     
  0.48009059401178089        1.5044974054726596E-002   1.6838539894192654E-002  0.11222546321508570       0.11404101204356219       0.62681711972783594       0.39813119448342948       0.28780021007987638       0.16176948559153942       0.10260474833841481     
   1.4165450624351255        1.0321627629748353       0.96304104178867822        1.1157331898407350        1.0147345443206308        1.5272338719944383        1.0281805309940120        1.2899306839782592        1.3550524173461378        1.2059364705278777     
  0.50486020755940653        1.7391482843909265E-002   2.0564609054059317E-002  0.12988251360106853       0.13126679339672592       0.64107720159139558       0.41074815099414225       0.30857474752568648       0.18306205174425982       0.11807090917926431     
   1.3726822144036133        1.0833086732157984        1.1988722374604199        1.3070893795111374        1.1316820649039456        1.3614206321444962       0.87731590852223162        1.1280653482604328        1.5698185545759933        1.0260718566536560     
  0.52348215891804406        2.0040604804594520E-002   2.4730178330917511E-002  0.14565291864993843       0.14909794987328953       0.65430773640689355       0.42447414246215959       0.32976356095178111       0.20462522061444774       0.13746310866025443     
   1.3086359929479159        1.0296406606578616        1.1257862707729123        1.3217791239052268        1.3780500166577156        1.1273467781785926        1.2069364182072129        1.4159007345575139        1.6630150684164620        1.4354553295041892     
  0.54239902620111480        2.2530591739035183E-002   2.9462894979403565E-002  0.16080139993824258       0.16573083840624581       0.66643896159730198       0.43656284311927851       0.35089649896011832       0.22468586614019759       0.15623797799127981     
  0.98856622788601078        1.0461606342015606        1.0566325956238278        1.1726922260039832        1.3126643247094767        1.2844344288164753        1.1087978788732620        1.3167340068059734        1.5016504033880531        1.3167864028822109     
  0.56119114581944030        2.5330242552004219E-002   3.4569805981654163E-002  0.17643276647057274       0.18328076513478417       0.67659253710759182       0.44672961793046129       0.37171958947426176       0.24428444406303862       0.17342198915796572     
   1.2828794985012566        1.0503251882962252        1.1514243143841834        1.2865915320763244        1.3395596220513994        1.3761843560593900       0.93107204315962533        1.5359552774739476        1.3642238006641234        1.3002176243655339     
  0.58025645599699860        2.8287813150172997E-002   3.9838548892233858E-002  0.19247488432766779       0.19789767941510009       0.68454155710905285       0.45671610176798538       0.39143917291900016       0.26384584543926892       0.18952668184359364     
   1.2929116028271197        1.2996728576942942        1.0060333771561825        1.2334958255494650        1.1302458453832214        1.4141202548046861        1.1626614423416870        1.4609060683594521        1.4622448380390392        1.0424422262932491     
  0.59968462027488911        3.1076577624067167E-002   4.5128958124180753E-002  0.20842730196663223       0.21247064417140998       0.69354726570737779       0.46649445437154724       0.41191533439222888       0.28329488673397507       0.20520047325032031     
   1.1626187649827662        1.0913040339834263        1.0985790990393125        1.2890054543865763        1.1907612516835926        1.3108956447466538        1.1840712656994732        1.4032157112500632        2.1569798923954537        1.4158087401221275     
  0.61888620732438815        3.4506815910138204E-002   5.0637852410261135E-002  0.22396013271481710       0.22803923451572336       0.70355540842176112       0.47707142655929419       0.43118735622601878       0.30254145355285306       0.22080315033025316     
   1.2947954470378416       0.95448280744194358        1.1356900290658667        1.1741026690389955        1.3320161979284868        1.5725528866903040        1.2031538823564900        1.4012737349911577        1.3965880469600318        1.0313131983300037     
  0.63513469667637934        3.8113866078903505E-002   5.6506651167877661E-002  0.23899646202025607       0.24326155076906644       0.71301717772378725       0.48592730361025493       0.44765768073301004       0.32155942676202010       0.23639379466706026     
   1.1862756492564395       0.90460961477626423       0.97605731324601486        1.1655394973626341        1.1781972826126488        1.2284038940914261        1.0607968208678906        1.3611906760227199        1.2713300123683304        1.4823175604394530     
  0.64929551550598819        4.2114499945490588E-002   6.3488526212799046E-002  0.25481502739473488       0.25955236923708952       0.72189633285146437       0.49499882316560606       0.46294863039758377       0.34170624880112699       0.25219169241171291     
  0.94213870074477135        1.2151804840626048        1.0923347703191955        1.3571312194332479        1.3864845856908836        1.2509112359111609        1.2585303831980230        1.1868549039418783        1.5678628388737199        1.2463102447968362     
  0.66212460998559219        4.6241359491351122E-002   7.0794785725534604E-002  0.27041443764841683       0.27589203769209858       0.73016901311411331       0.50383931287810002       0.47745326388886172       0.36058482262807945       0.26880447440651378     
   1.0360624742922380        1.1225860647747976        1.2317633173962437        1.1892717992152095        1.1380904089653423        1.1993959036241619        1.1858245235590106        1.1773601816606343        1.3128812985760254        1.1476005064964252     
  0.67427729776696566        5.0282635460723354E-002   7.9228614602604719E-002  0.28726513421451749       0.29132186438149843       0.73819670691579109       0.51185712189731447       0.49205749056175491       0.37827277659395458       0.28584946211436013     
   1.1938331603248955        1.3652262783207847       0.99551336088887865        1.3039485969184308        1.1298970636462855        1.1513281289088910        1.4733480676538679        1.3232007163856123        1.7161524458046029        1.4248349299849747     
  0.68647965653315401        5.4341414961357304E-002   8.7991342321494109E-002  0.30517292134162327       0.30673421624857827       0.74587846383095524       0.51903628118359224       0.50642900523045686       0.39862049783915809       0.30184941139751514     
   1.3957724981165518        1.1663989376879778       0.95768827059514872        1.3779232049394656        1.0256101536011148        1.0754626988056766        1.1222523877315349        1.0786266552074149        1.5429128083679282        1.0359476018638401     
  0.69757517272212688        5.8575015536893052E-002   9.8553919095655376E-002  0.32203571577310941       0.32290076374064575       0.75330413772200300       0.52640504157709533       0.52074815519237283       0.41894900881944153       0.31850272679802893     
   1.0610021325676444        1.0207604345783976        1.2522390096457130        1.1583323719679521        1.1255882887510491        1.3095567168090734        1.2063131625255004        1.2551308340470844        1.7572376369264622        1.3591581345699577     
  0.70945678817235025        6.3160938639720152E-002  0.10866965451350911       0.33694052021543819       0.33908367528041955       0.76037223874370530       0.53363443355100182       0.53526115730846158       0.43685073622777276       0.33510411409117391     
   1.4218397813610295       0.93666074360881924       0.97674562323235059        1.2265251029784356        1.2951815992485427        1.1614180402663257        1.1387057380338734        1.5903738362747770        1.5669240441262302        1.3182106394095749     
  0.72068604138028525        6.8461998983845154E-002  0.11972489812257876       0.35175305930407591       0.35440934101718413       0.76751974596790873       0.54116746798717486       0.54957411789457600       0.45341782820261040       0.35059819455944424     
   1.0450327619904343        1.2570217587457353        1.1711434210474487        1.2919783715788842        1.0256357989199185        1.2767864620306282        1.5066180290769773        1.2566179558872723        1.2361573195191244        1.0974474574731476     
  0.73223264237905128        7.3894608794460345E-002  0.13026511722759881       0.36818871435951739       0.36814911705375863       0.77452720089603377       0.54821913919430132       0.56365148090018302       0.46856155319345216       0.36551358065710782     
   1.0716308283701692        1.1230230711907037       0.86488170782800722        1.1359947293721759        1.0796557003388514        1.0036650877889428        1.1486962974745245        1.1234614761717634        1.1242065708499978        1.5473021139614758     
  0.74337122258090438        7.9100763110922762E-002  0.14432810842768026       0.38543527203340650       0.38180205620886054       0.78114116812406853       0.55568477562323593       0.57738400471638662       0.48404643233143796       0.37968880828683499     
   1.3410872971242271        1.1139348614008171        1.1235138266387323        1.4991384309916140        1.1772042993454006        1.0913228144157372        1.4263884524853505        1.0958242858230656        1.1463824663372675        1.1715927537927204     
  0.75400611626787728        8.4728208079414849E-002  0.15959705266095023       0.40331410535761530       0.39503361632563405       0.78749229923543551       0.56346052727912732       0.59067235012652908       0.50001162909767483       0.39556267450912613     
   1.3244898797310938        1.2257923902158461       0.99213541305464092        1.4755915048237558        1.2122746069342067        1.1105508356730647        1.0872820004773089        1.1496169989724316        1.5758330286660369        1.3634940844094128     
  0.76440725001234755        9.1004354095185341E-002  0.18024092089946106       0.42041863104769905       0.41065502932895825       0.79339565213748942       0.57148683868461070       0.60396142313221646       0.51701256655380978       0.41260193818336960     
   1.1916440397251444        1.1190702556979293        1.3163508863980269        1.3115429582559603        1.6686797125861950        1.0495660672216680        1.0889638023123787        1.2379149203902775        1.3599616900007367        1.2220734111099181     
  0.77475771554235207        9.8204535491483086E-002  0.20108406034810222       0.43697095549239628       0.42719461911320578       0.79903062769679933       0.57909380174087732       0.61695890384537644       0.53357104105214437       0.42711771916143348     
   1.2844836186093536        1.1233945431349790       0.94446409219674443        1.2977187216790829        1.3248850360938871        1.1370452644347933        1.4478168562330214        1.5458493255211367        1.3837921738394088        1.2236201892253658     
  0.78501580017874939       0.10553679609288567       0.22306714979025388       0.45296132138475659       0.44364194629370618       0.80487145648898406       0.58590741050773121       0.62975687471296049       0.55088992367328626       0.44149526825771024     
   1.1167816107074411        1.3937929903424360        1.1388167785574066        1.4542324123499200        1.1171377993531728        1.2264224528504817        1.1591446314665186        1.3280880332278298        1.2545069860631948        1.1334201108184752     
  0.79572164262393252       0.11267895197848843       0.24600366948280181       0.46971150069077261       0.45917446605493767       0.81042838877535361       0.59230050487009334       0.64309922247284501       0.56640182106826320       0.45602337574852259     
   1.1297268853464355        1.3438417107439105        1.2413668256636621        1.3219198332324551        1.2598027486197350        1.1538177755251819        1.2031561684876357        1.3778641960740141        1.2246177567443759        1.3693788442804102     
  0.80493410402121190       0.11981172961258761       0.27484271171555419       0.48651699369606605       0.47384631587698101       0.81584206092254141       0.59859031055605083       0.65552992036606128       0.58165067847417351       0.47138449914164715     
   1.2897836168122023        1.1824864648294739        1.4022995086353733        1.1637950252363598        1.2274499981031155        1.1407594729652841       0.99713321098516561        1.0548893289336387        1.0577984254851109        1.2151151533919864     
  0.81321176584225141       0.12678827226087405       0.30409498700871979       0.50299634027926565       0.48709478314268684       0.82100375210488130       0.60501660455018968       0.66831627947838101       0.59678646347447195       0.48797413527257505     
   1.0302499689141487        1.3062997736660040        1.3599567862071065        1.0956909704666891       0.92334250681048935        1.1773252552375553        1.2434532847870405        1.1672389722552234        1.7123971691582047        1.3328237821852129     
  0.82099435387566766       0.13424197222114326       0.33376782167438579       0.51871956812721809       0.50151205130837540       0.82652377026536306       0.61174132683047122       0.68086245964367975       0.61089304758041429       0.50406868058298238     
   1.3258325476170998        1.1081900387390955        1.4033075930948486        1.3409644029001668        1.5490654297342008       0.98204331409955370        1.4497630396705941        1.3001635023493994        1.1813047632446982        1.2124903281709101     
  0.82865153538680703       0.14168760365424155       0.36823000492253205       0.53330286177042174       0.51718272004339838       0.83195664339497566       0.61851057098769802       0.69322765713815127       0.62466934645626004       0.52010315649816385     
  0.96706572712244865        1.0613919851754865        1.2767155291595473        1.1478837463129874        1.3981432920360179        1.1267943855861475        1.4144381278200615        1.3124228145157970        1.3143858647956095       0.92278835197188480     
  0.83690773547188069       0.14787443518810683       0.40497685180719478       0.54733635402959713       0.53281753400003595       0.83740922049553379       0.62514246808280027       0.70100166953819654       0.63782396284441445       0.53639763411512886     
   1.2173507651281670       0.83892357427107889        1.0834022455879164        1.1115243277295215        1.0534601773851415        1.2106656135265046        1.3331169877269509        1.0188882855205010        1.1708740999007170        1.2096403904882311     
  0.84553624909469383       0.15477524639550036       0.44576841891608504       0.56165486306487578       0.54876625383368793       0.84282683537705805       0.63144843637080950       0.70951360181938794       0.65153033887377354       0.55463791220470804     
   1.5799843691181172       0.89469072212758904        1.2811924356715989        1.1663519534037399        1.2469386935752942        1.1805022045933957        1.1743204900366182        1.2032878425315394        1.2786253303177026        1.4411477013611989     
  0.85405391728335334       0.16222794481552599       0.48762923953146448       0.57672867903325198       0.56496300214914275       0.84781911351419903       0.63749149885394252       0.71725404972237372       0.66490948495069646       0.57178793443587528     
   1.1702025777795835        1.0668345125048582        1.3754820838896367        1.1715990834003336        1.3145072078350135        1.2168764418411979       0.99702785920945680        1.1622616486380026        1.3116306719343818        1.2977147793717774     
  0.86260008737882199       0.16913048383815271       0.52649541895868979       0.59284655957590437       0.58168390208427267       0.85258684879510227       0.64390840305433306       0.72488984031471204       0.67909045781312416       0.58833249482048500     
   1.1578342673225701       0.86064240901815070        1.4953469171157940        1.2225799785882099        1.3758965196778845        1.3042688189970997        1.0481876829370007        1.0104355991638909        1.2704209756469567        1.2234900153276225     
  0.87044461968202591       0.17866765756081943       0.56229217080052318       0.60969486132961148       0.59860000689551496       0.85731752507092152       0.65063681093242665       0.73417238765207693       0.69265357322700549       0.60440723053225265     
   1.0531535059591475        1.3428766164708286        1.3772850526528597        1.4820479013981629        1.5004287056620498        1.2820831935004384        1.1346599566575168        1.2245063371709795        1.2546988073590226        1.3006230881458223     
  0.87753062874623500       0.18892592310546097       0.59811365029765928       0.62566146527192512       0.61494427897743487       0.86246115610312690       0.65766501530716137       0.74469627107030356       0.70667645218582587       0.62032421796666504     
   1.0209716312531758        1.5211724631791581        1.5136758112812108        1.4528776967018022        1.0402142106034100        1.0467169147871627        1.7974020899149643        1.0655939945952337        1.7024727264197621        1.0839856579577256     
  0.88428846543278405       0.19941123664245206       0.63345154894620126       0.64027840963442029       0.63175725620138667       0.86770073049596108       0.66409750144338386       0.75506013088350943       0.72054057507399416       0.63710209372819626     
  0.95045948886162313        1.3237613253319171        1.2677526995883821        1.0653972393446156        1.2582108217641197        1.1685021170365903        1.3636137391110104        1.3448624910254647       0.99897274996081753        1.0290359162422829     
  0.89066226166601692       0.21087450965574825       0.66988789058934239       0.65491150678074328       0.64814041999212235       0.87243245641234812       0.67042316403048885       0.76460316756537705       0.73475676784195321       0.65367322206699019     
   1.0007027192054101        1.2553245481090336        1.1588052147974763        1.2173499861735264        1.3465675120461322        1.3470871843910530        1.1738765312871691        1.4577361751902878        1.0222241022315643        1.1331450810926251     
  0.89685551109083683       0.22362615928458632       0.70466049542802045       0.66934203626794553       0.66360137211012638       0.87696395667393257       0.67678872718526928       0.77410145408971198       0.74961236612513149       0.66980153691048738     
   1.3564200588624105        1.1118549849780637        1.3916891803437190        1.0724946061066909        1.2146224645178905       0.93688346188433580        1.2747369799892518        1.0733884804342626        1.1131285802258193       0.99428836784099206     
  0.90263741667954334       0.23760301993035793       0.73436799414806342       0.68442465316409729       0.67841888287634244       0.88140613769958343       0.68346113203965453       0.78359117392928745       0.76368653285101373       0.68567035110092533     
   1.5327445723331412        1.1031827302490564        1.2388082980475363        1.1165690362001808        1.3757222621429792        1.5195442712403391        1.3490954775351451        1.3810254989949196        1.1847493724924609        1.3402400558689478     
  0.90808812801053140       0.25081053103430045       0.75909906750767686       0.69862309153930591       0.69389641560735926       0.88598406773317084       0.69017697678449419       0.79335014921690994       0.77683474064395219       0.70137801960997803     
   1.3723967428201773        1.2980643675831172        1.4770331883199654        1.0281495702738195        1.0710801904095029        1.2865876083520067        1.4333327414654151       0.95686645785726254        1.1173875568400591        1.1281835949369128     
  0.91330588439490823       0.26339993082282631       0.78004980044302730       0.71475105044742837       0.71008858881733217       0.89088912715066793       0.69653549944791415       0.80203451026687056       0.78949709765003517       0.71603719778487029     
  0.79802730567896785        1.0706177772926628        1.2748212614218881        1.1746645066304047        1.1879872194389542        1.1164960319728914        1.3797376033853472        1.1761841638030239        1.0601538777842432        1.2760202209126146     
  0.91844605566681592       0.27616188665859304       0.80060195336115170       0.73237615081657637       0.72750412462067882       0.89517611749007542       0.70274597160647323       0.81049349277131566       0.80181416916166182       0.73026765037658270     
   1.1703909284722205        1.2423517261854642        1.1453950053936697        1.3686509088271628        1.2252115769514591        1.0147435908585263        1.3602361332661950        1.6250550965508288        1.2307165399882438       0.98436522243061664     
  0.92390753821944749       0.29022047198345607       0.82069936441187497       0.74962913895483996       0.74475905218588978       0.89854886278839030       0.70919886482929262       0.81862678507130238       0.81452954991297144       0.74491069002040466     
   1.2368512345713181        1.3523870390900461        1.3562219704209295        1.2950092822450370        1.4335867982802020        1.0873659674681806        1.3411918251214054        1.3296205040648144        1.0632808510617242        1.4182774453299793     
  0.92924043111643639       0.30635487446939957       0.84170376708284245       0.76598709913076746       0.76080481780635945       0.90183038255992554       0.71627759108092648       0.82696496676842257       0.82688903507217060       0.75996142882192497     
   1.1233096466844612        1.7306639474922647        1.4026577241819054        1.2433624262792740        1.3564716025203953       0.97666739790219781        1.1567150453104007        1.0556821171374324        1.0704017770170524        1.2415724764605975     
  0.93464491924296778       0.32359818513018879       0.86021554075695017       0.78225724116722906       0.77667290913972820       0.90514101048033180       0.72451082570947212       0.83594382530776834       0.83943774776191948       0.77597769157798047     
   1.2623965551132683        1.5365058318310623        1.1900610272759822        1.0602727292916949        1.4230698008793261       0.84536784347989269        1.4973196163393165        1.2471432830919982       0.78243594934819527        1.1007646947742180     
  0.93987758908698948       0.33992800394133588       0.87670259384651728       0.79873919052873599       0.79299681820324308       0.90873094313149227       0.73293922163347591       0.84522294661795916       0.85178742244560479       0.79177244847523620     
   1.5611241807891008        1.4641686175846762        1.8206125339293537        1.3550059392915443        1.2313297031328878        1.0117441358918464        1.3305975961581127        1.4420695904806788        1.0201858672327393        1.2893765522024851     
  0.94488919613779998       0.35715052912204337       0.89045122318655545       0.81544688337855631       0.80917089456330693       0.91272299181768346       0.74073863699694331       0.85443041177443124       0.86398153976804115       0.80632335724780535     
   1.0673413436636110        1.2165582365140035        1.1460217718220782        1.0757747464345335        1.1785837906905028        1.0482982875107878        1.2964924205544324        1.0772930193836459       0.86346660560680066        1.0950470374497909     
  0.94967761739794565       0.37499725153091329       0.90307521831154725       0.83263417424840203       0.82528574559816037       0.91728407695979586       0.74841557602928732       0.86392802272838543       0.87518278969609276       0.82161136261425260     
   1.1465807884153374        1.3270468571414342        1.0684618887529225        1.2005700142141174        1.2082060922093880       0.96682798614388865        1.5023784317742732        1.1409084447120854        1.0960394553807695        1.3477605371659671     
  0.95421321665990755       0.39381240294141506       0.91583659914154592       0.84901968069649070       0.84116609833486933       0.92191935735978570       0.75581152475222690       0.87307641233714739       0.88642009107163433       0.83738127909024751     
   1.2237235565290072        1.4639770512744394       0.96257533771853665        1.0702469948644366        1.0718631994030314        1.2875134186677664        1.3754600730906574        1.3018376120843091       0.98683305176733094        1.1718187021837998     
  0.95866239069773129       0.41196090435057209       0.92833518780963498       0.86445523830138071       0.85648956429016398       0.92689185440231026       0.76362788048376362       0.88209352798701735       0.89782136255531575       0.85224858591166741     
   1.2469569088186878        1.1666328003003492        1.5122809938068165        1.0748840477502166        1.0668137950986296        1.2675051369943084        1.3261672069916466        1.2532032616209854       0.99872255284378875        1.0584079255976406     
  0.96323236175471494       0.43628375159717991       0.93968001915862931       0.88043992068123689       0.87170201546621995       0.93206568569523451       0.77212674552582106       0.89257055285229159       0.90859707169602066       0.86769915049625013     
   1.2761333038564209        1.5236824417386381        1.6271438727009040        1.1464814233221161        1.4302771673389687        1.6273779819341045        1.0882232906192590       0.98933943592341722        1.3784066681229559        1.1115029678434796     
  0.96825838293155586       0.46340541895868542       0.94906624871814238       0.89696277419796344       0.88788278052748182       0.93734165848323292       0.78095134838653846       0.90280534223845810       0.91876053445760164       0.88287599864150035     
   1.4696066087241042        1.6443794062847727        1.0724519906249756        1.1252492473087914        1.1459572007725909        1.3408805280662432        1.1721830517415512       0.96670339769563751       0.92089017449356503        1.3472696300891727     
  0.97327243475599889       0.49201843774361931       0.95676578535041090       0.91331527876241103       0.90478430726737447       0.94249172009641691       0.79025387759140853       0.91283487953268205       0.92869742429197688       0.89792445296130197     
   1.3543938116962808        1.3272215421036837       0.97445264144932675        1.1759241785737420        1.3059175807868681        1.4618699846921370        1.3888237527645675       0.96231142663050551       0.94296106446754657        1.2430089523196219     
  0.97697063775218929       0.52458482094312009       0.96327180191457951       0.92860005371870091       0.91859881686430944       0.94750340523295518       0.80033829485365571       0.92316991853921793       0.93856601312214516       0.91256665603070430     
   1.1745350909779908        1.2471517269023960        1.1210692658500725        1.0900863103538831        1.2864999832150514        1.1851002953991994        1.3099972717066990        1.0913250786464572       0.84204054224055891        1.2337815554634413     
  0.98049996178131538       0.55989770767840530       0.96931961263417599       0.94230337934274400       0.92870635642597965       0.95244174115783242       0.81109720833798349       0.93354734132461881       0.94889508009445600       0.92646068145591376     
   1.0788218437709525        1.5839006322365743        1.1096133965094737        1.1370397784611503       0.84447748513952881        1.0902449503249754        1.1070322330499791       0.75571747979540027       0.89293601358603181        1.1831932451731584     
  0.98393200060102559       0.60213544649310968       0.97581229271770631       0.95681720873315923       0.94006899903968366       0.95818013849581751       0.82385020187310665       0.94398220910705266       0.95909611172056142       0.94176326179844394     
   1.0610864893121346        2.0690954888632320        1.1944262766622442        1.3226860674710228        1.1069158327151838        1.0357667730061617        1.3734661538750699       0.98725158254644818       0.87223413101033720        1.2145612632493026     
  0.98727628325146910       0.64932929920340032       0.98217878554029814       0.96670616170687684       0.95255396993973307       0.96512954768992076       0.83818528940217651       0.95689184457069754       0.97001456822313414       0.95719333481479685     
   1.1526672324266045        1.1968566019146711        1.2618698473965444        1.0745247233121724        1.2377201298832929        1.5230295976259351        1.2551179461791631        1.1226762257978233       0.87120654740679682        1.2579201794937294     
  0.99065326595764269       0.71000015187317644       0.98836699133631867       0.97776332964522927       0.96462291527874477       0.97236463631413361       0.86083989941818084       0.96943709622763252       0.98029052815612272       0.96902143734279256     
   1.1299824971486339        1.4532676485725637        1.5026241025987941        1.3323944852606537       0.99804958538550981        1.3454169223728456        1.3734978212936493        1.0767396174466506       0.87088089371006516        1.0170702739059132     
  0.99442743500698261       0.81357596582788672       0.99450822856493903       0.98925235590755700       0.98206102230356385       0.98543483321287484       0.90439722889007201       0.98437596234005165       0.99007870675457632       0.98376911443583515     
   1.5308646682752141        1.4829279499071553        1.9465749099008050       0.84743954177361269        1.1267571693812588        2.6383184925705443        1.4833894353259269       0.84791971903952301       0.98923514533238621        1.2648460967458102     
   1.0000000000000000        1.0000000000000000        1.0000000000000000        1.0000000000000000        1.0000000000000000        1.0000000000000000        1.0000000000000000        1.0000000000000000        1.0000000000000000        1.0000000000000000     
   2.7349527263195945        1.2158353793659218        1.5342635642328752        1.0240459143702070        1.4723649259695000        1.1706484343757244       0.99460176213341789       0.88432267653463537       0.96551371854385415        1.5801454453679444     
   9.8231765762571079        19.688425476573549        20.098645127332361        13.064308794678258        12.614957482311690        0.0000000000000000        8.2000084674136673        11.695193068125619        14.688104864868704        11.357106150972289     
   10.771822298063096        12.245754100655047        8.8016594482821766        10.965037051893480        13.329761201910847        0.0000000000000000        10.215884674044423        14.355311691401702        12.505843301437144        16.808481124406825     
   16.298812691089509        9.5555965998556651        7.7999870667390896        15.141784463356633        9.3903758313927366        11.909204651585435        10.368284839176678        11.157336635619835        13.104172951463060        18.873787066258348     
   17.882084320723678        6.2100030259881933        15.945899784033243        17.337807706657461        9.7054308508343645        14.494989183567695        11.981152718118501        16.657272415833397        14.454373578043221        12.766314608308928     
   18.547164101210107        9.6158834763723515        9.3668843393482604        16.524914542512811        22.400729341514893        16.136701148800213        18.203770510909738        13.800415146892155        14.260601165857338        11.970173139322897     
   19.341255613807984        14.179686384637499        15.042886743417052        14.346683841396363        13.914937553316111        16.408054796594467        15.294877785107758        14.261481556126450        17.555885346814978        14.286895804489951     
   15.210506743535225        8.9911847799381501        9.1168667127118024        15.006329165234368        16.388892988275845        15.393749330149632        14.978792200124738        16.748071776936847        12.730800727344096        11.568292838711308     
   10.561377033569492        13.701911360406978        12.938737281710953        14.802861568964575        12.242740615911222        10.963657252309920        16.665929502342870        17.800849460607385        19.611208890165610        16.922135247015952     
  0.25454806087280302     
           1           1           1           1           1           1           1           1           1           1
   8.7600000733445982E-003   8.0009040191799819E-003   4.2681867909761570E-005   12.463551186545825        2.3803481270156650E-004   2.5285308012870861E-007
   3.5655012719823584E-005   3.9166421887738527E-005   6.9989218215302599E-006   4.3487329896055922E-002   6.9963102864472839E-006   5.2386831330615187E-009
   5.0000000000000001E-003   14.772339049498379     
