   0.0000000000000000        0.0000000000000000        0.0000000000000000        0.0000000000000000        0.0000000000000000        0.0000000000000000        0.0000000000000000        0.0000000000000000        0.0000000000000000        0.0000000000000000     
   2.7193384927455947E-003   1.3630765808299158E-003   1.5940492127043036E-002   2.6567228228700585E-002   1.3265213914771172E-002  0.32465608549529379        9.8222110800028808E-002  0.10110781909196280        3.2827331496917113E-002   1.4085881409286101E-002
   1.5112117996715431        2.8747961382536880        1.2060068936193635        1.1554672642241905        1.0509976749254544       0.63812070258320219       0.79594124723842585        1.1438730761541482        1.1717879541386504        1.0584868840436779     
   5.1483608090606182E-003   2.8444945810081534E-003   3.2501430607772955E-002   4.8690415331987827E-002   2.1899528651744455E-002  0.45306705402036007       0.14407403845710137       0.16078077774183666        6.3375407942342907E-002   2.9141766881298936E-002
   1.9034092516141587        1.4107709270851634        1.2658258338809203        1.5111117366423781       0.80067348803236471        1.6456534293119638        1.1037203003918885        1.7762833484499980        1.3647323046749149        1.0158438265778165     
   7.2550182620951028E-003   4.4637677530269043E-003   4.9768714786666557E-002   6.6485487997461096E-002   2.9997659305812632E-002  0.49076671852479969       0.16247155258945836       0.19572666918652443        8.9779233868530012E-002   4.5433974661654067E-002
   1.1125692279608297        1.1399985229798411        1.2224971722756039        1.2235677968691396       0.70958027925906797       0.99236069617447042        1.1526922917067208        1.1568021876764571        1.4962649238733692        1.1029139624426332     
   9.4847230194540586E-003   6.3431601752564851E-003   6.7846746908545488E-002   8.2468705905556383E-002   3.8869840131232153E-002  0.51609168206966072       0.17618518597708180       0.22190861674411608       0.10722260397133382        6.2206999265165021E-002
   1.2834858153143500        1.3083569017748498       0.94699162934405445        1.1142310570481762       0.83150300450299075        1.1873046276109678        1.0712030119615201        1.0222762468979771        1.1414073553183315        1.1294478990241468     
   1.1704327908063162E-002   8.3064906761994659E-003   8.3239060649998059E-002   9.7732633312943518E-002   4.7617157387052036E-002  0.53827894483210947       0.18266540111368726       0.24509175601632097       0.12247446215117658        7.9009196317927605E-002
   1.4195294833124006       0.94912579428529564       0.95480629232011116        1.1115341919488397       0.66692964596117332        1.0555643190637041       0.78534200133947885       0.96492683452766559       0.93569689570883063        1.1811386113734004     
   1.4041820976815523E-002   1.0356835212541392E-002   9.8642936919639740E-002  0.11305356725670987        5.6160891715060807E-002  0.55868098745873218       0.18909882054586202       0.26771439506365363       0.13672733579174454        9.5215597600232710E-002
   1.1925657871006687        1.1766596648700502        1.1967535775111455        1.4506167956157283       0.72572080576723075        1.2733282365002898       0.76153063720422942        1.1720661386528217        1.1572056873768093        1.2507687218779695     
   1.6487482329882293E-002   1.2536024880298471E-002  0.11340778722964981       0.12963485963530805        6.8557911030475621E-002  0.57658983218826676       0.19547711531303857       0.28602951554318901       0.14965037876664641       0.11006309022608725     
  0.94381057357919840        1.0632308762542118        1.0531994429572269        1.3844796813510074       0.94162611796746798        1.2694999868184360       0.82457496912299155        1.1127042754371395        1.0526301896090531       0.93607014323537496     
   1.9185885666834903E-002   1.5071843417797586E-002  0.12828970773374571       0.14587568840852488        8.2683350082685403E-002  0.59217536108699897       0.20082860762882651       0.30380361061687505       0.16495432290746376       0.12584673557763745     
   1.2313301643559793       0.84068092981764575        1.2750169297878076        1.2230568661898684       0.93114370079242847        1.2226500755041441       0.77618472510678227        1.2676569393022354        1.2023293380046980        1.2079196906993324     
   2.2074964292482901E-002   1.7827615223415305E-002  0.14275038160435594       0.16126112603283141        9.8033933819081778E-002  0.60672117849986851       0.20608531772396030       0.32212581370763588       0.18805243422190629       0.14097174313999386     
   1.2311540198849542       0.99549089818717462       0.98282214753389929        1.0894309501526291        1.0010198398392671        1.1990112871955438       0.85388575213454210        1.0748507292782441        1.6042904168207428        1.0224524569438713     
   2.4520605741050656E-002   2.1082356832453283E-002  0.15808064717245468       0.17570458961930496       0.11299674704282557       0.62068487823314578       0.21522861375651076       0.34365306938763579       0.21252617950493063       0.15752829804419544     
  0.89717990529797842        1.2552496719518815        1.0474074883980302        1.2061691838360182       0.87153065648225092        1.4641568127779816        1.0683117256497752        1.3180704806034371        1.4156660798274792        1.0187959615768474     
   2.5963406488095579E-002   2.4613102970898110E-002  0.17459234176876656       0.18925039279893224       0.12950210698225728       0.63402045199540435       0.22375954602408363       0.36593436190437456       0.23618515110979052       0.17445352115199370     
  0.78309125193422879        1.1832910507172942        1.2389794036530506        1.0095762877289740       0.99206669066962072        1.3400960623372040        1.2342623855704540        1.2998853717240588        1.3913078935313117        1.2652494014818905     
   2.7487219573395477E-002   2.8386614238051302E-002  0.19249628726882495       0.20466007864413507       0.14705563699160684       0.64551046643504417       0.23266700445535893       0.38533066707986069       0.26060382798077752       0.19091461921666489     
  0.63759909830536321       0.97288727244732154        1.1054296189445485        1.3244345310530046        1.3770670135885505        1.3069479424522032        1.3881296417862545        1.0377647615385519        1.5752394293300367        1.1035839316392626     
   2.9123388615237087E-002   3.2273190859092818E-002  0.21074857064369856       0.22055986719307988       0.16377856542604421       0.65670490913389079       0.24164475664878904       0.40428797268243605       0.28519579651908644       0.20678149260248230     
  0.72158170578655467       0.98218633836450608        1.2503207138500518        1.0237928756676924        1.0086943662281156        1.3492248589587312        1.1914210504570188       0.95497524381241938        1.4865927351903603        1.0025339798121733     
   3.0869705500069591E-002   3.6405945729274469E-002  0.22832823952798145       0.23606033815145283       0.17951892679605888       0.66709774290679080       0.24989878724002113       0.42135474911779458       0.30695883724164519       0.22273375921707436     
  0.77214324863893857       0.82158539573538147        1.2051148239207019        1.2224996116043756        1.1158430559510559        1.0801402868007675        1.2578254371855901        1.3039247445629032        1.3900601313981384        1.0956169481031244     
   3.2665375130237220E-002   4.0902098904906418E-002  0.24513266271239112       0.24960270462909723       0.19414279484286906       0.67685360770685066       0.25753115564619661       0.43769141374931064       0.32657703837215779       0.23881268646840823     
  0.86123302070191732        1.0743589699331053        1.0639471391909905        1.2564063012406466       0.92759097845278404        1.1892973922534289        1.1531887976932456        1.2041548922163505        1.2263094737936233        1.0620414723467138     
   3.6162819093529822E-002   4.5858959262192106E-002  0.26217781609258545       0.25685935605565352       0.20893064533074152       0.68602807085855999       0.26508753813913555       0.45355607107646190       0.34539897624279597       0.25531668642880767     
  0.89404993201998884       0.80585362839032071        1.0754756197687572       0.72724307357952067        1.1152626828471308        1.1550581565587430        1.1947913923198472        1.1067208563653705        1.4938477177615335        1.1465849281156681     
   4.0011451675909401E-002   5.1222555668989346E-002  0.27930308001541798       0.26408061552568790       0.22472425725815509       0.69441732494580199       0.27286527049774367       0.46995431309238500       0.36287867178457700       0.27262587465608012     
   1.0036554314715931       0.89525597958250680        1.0711662863577023       0.98069146142283092       0.98916466489706789        1.0904734229895703        1.1190499305343558        1.2165683040362951        1.2517450549998734        1.1787571991300976     
   4.3998042717598121E-002   5.6799853696833338E-002  0.29709998239746693       0.27125122903275262       0.24124541086545734       0.70256013801304573       0.28049128770039528       0.48696232821404045       0.38073910450484560       0.29127554415300333     
   1.0061436815919833       0.98609623157465298        1.2225378141430603       0.91670387485043903        1.1037700196097058       0.98386802242991089        1.1252026635233103        1.1972800371721684        1.0812701207266509        1.2518027299355972     
   4.8107577236099895E-002   6.3179042612432235E-002  0.31459842599782634       0.27921919984119847       0.25755792257523918       0.71144972329725964       0.28799390941147363       0.50412895531046864       0.39688457908619568       0.31028788136997415     
  0.91049255026565201       0.97384574677858893        1.3398912000928382       0.87446658774068131        1.3936903864314809       0.97515478466389005        1.1478266053824724        1.2646033556749516        1.0516593013519242        1.1129005516107302     
   5.2588037849195586E-002   7.0029626635583320E-002  0.33181014466686970       0.28793940001640433       0.27423222567713718       0.72132474154227921       0.29521866948513831       0.52109589598808537       0.41209572881024653       0.32862177115467611     
  0.90379887829320937       0.76855833228283532        1.1080724317138237       0.91246193007254273        1.0640768536740863        1.0659860910464147        1.0281934838924520        1.1835791927257875        1.1346250101773936        1.3913960601936108     
   5.7817242476807085E-002   7.7848743197141662E-002  0.34794795557639818       0.30472818778826644       0.29142709561719315       0.73117567115920856       0.30203265305025823       0.53677324881346822       0.42712416422984134       0.34595104962598416     
  0.99827935148306723       0.89128424510832682        1.1933881920077647        1.2392998718155332        1.0566044795319063        1.3550624920283991        1.3086501049729140        1.1462117186353007        1.2907716378585727        1.1609709421966730     
   6.3103987773948017E-002   8.6323546163477760E-002  0.36270427787972792       0.31993491684791325       0.30931078799969386       0.74084990042880672       0.30842569518707358       0.55061280552643543       0.44217937809913593       0.36187155598796772     
   1.0586422221811567       0.87680381310316802        1.0583114402514493        1.2149422394018463        1.1489919662927783        1.6787279150631245        1.3256993721973742        1.0276713519708671        1.1907842601049958       0.92088747258295589     
   6.8097608208119345E-002   9.3517877645903857E-002  0.37716466027185397       0.33455913894272865       0.32674350863231355       0.74997049943024541       0.31494039023025616       0.56342135061036791       0.45760355977875550       0.37723700663671250     
  0.81030620063200254       0.88975317967012402       0.96362166713583586        1.0361738173584492       0.88335091259161536        1.3548596895009684        1.3052361764087612        1.0724493546738600        1.3432916933584262        1.3113455455883409     
   7.3138867719481457E-002  0.10164120800185972       0.39165478316714902       0.34952632581966625       0.34343827521366088       0.75862448749427436       0.32152983726522721       0.57537599905501735       0.47382718359049814       0.39243645473590694     
   1.0151214863437430       0.80794643621109818        1.0327089741863060        1.1961870978571432        1.1828065133129106        1.0231552093853440       0.92798065361398863        1.3430154525427656       0.95801651010025901       0.91381061566557120     
   7.8915675896127288E-002  0.11031627323181775       0.40660688296882308       0.36333121761242115       0.36000307382076213       0.76684391829937915       0.32809965875888208       0.58701134551834333       0.49009028381218855       0.40913291366542931     
   1.0410389086236613       0.91532102971251961       0.96051241504536899        1.3282028480017622        1.2053912454946414       0.88423931995318594        1.2567100734587067        1.2274980657946768        1.5092958694594794       0.94148929728335218     
   8.4842474426000486E-002  0.12222001425716911       0.42296835304574348       0.37726469303516696       0.37641175501505536       0.77387970416220309       0.33469793672949377       0.59946233156212503       0.50716888310848673       0.42629430168105009     
   1.0911206895552206        1.1046899112208457        1.0761491121499445       0.99924039723517677        1.0799801533897224       0.93372202800029891        1.1215992752413955        1.2510808205433581        1.5607912531000483        1.2491957930412707     
   9.1302221682759546E-002  0.13533140489203696       0.43892269322059402       0.39119331900540810       0.39381326562919688       0.77975187024054227       0.34074505364092628       0.61307959762350328       0.52372925957747862       0.44469866322423307     
  0.89144569046652455        1.1249695847812677       0.98233796576371779       0.94331188040136493        1.1128334921032963        1.0129010616875618       0.97287924210696541        1.1829026532415170        1.0642894592081527        1.0904653910887883     
   9.8044676023088070E-002  0.15117092812228411       0.45520028987903710       0.40528286129501917       0.41164012889418827       0.78608588531347490       0.34735802453811282       0.62650841544551161       0.53979649790875128       0.46301177070990351     
   1.2751880023785358        1.0858097152488109        1.1746370452975712        1.0115776828656318        1.0640949549995842        1.0738565525558874        1.2388171769012108        1.1943042662715064        1.3320647943894262        1.2788932475127961     
  0.10535766091614937       0.16816903152996565       0.47390467910661166       0.41867316028525403       0.42752557102306005       0.79287368608337594       0.35430449370871064       0.63871670386422641       0.55488778948507800       0.47922994926069262     
   1.1448606798960241        1.0095303412414214        1.2406103155200807        1.1189234465408613        1.1063849047287231        1.0509230104405394        1.3326569458673796        1.1858758230794502       0.92840300515872565        1.0095855500098723     
  0.11296446885324030       0.18851304113162951       0.49264032462260637       0.43158973940663226       0.44245336055864865       0.79940587939207230       0.36162295701203018       0.64987783055863102       0.56923573107705794       0.49457927380299943     
   1.2095196454590578        1.4097740504427443        1.2216822052897407       0.99848114002315824        1.1473919009813629       0.84060633557609499        1.3430222322288075        1.3556879448201362        1.0337570738182713        1.3608722478200985     
  0.12040606708864025       0.20992888625196091       0.50756707490196473       0.44442587718533710       0.45633421383607781       0.80535939172930793       0.36910932311782702       0.66072916288223549       0.58378175699804091       0.50926291672297330     
  0.91576498636683212        1.0498555410379484        1.0334063356694625        1.1938686754632308        1.1282168309376575        1.0653763931218660        1.4119600135412687        1.2071660229964984        1.2178716040361466        1.0086318117418618     
  0.12768285693259235       0.23025619571097478       0.52124259579448773       0.45734499790058053       0.47096931994655711       0.81178234801043181       0.37647930457128792       0.67184201901611007       0.59723848411572689       0.52415545229399274     
  0.95671199296903164        1.1954991769272021        1.0475138363453054        1.2299679930226954        1.1692479192593843       0.97209739751064550       0.94161763944374877        1.2399610488315287       0.97608384229419831        1.0429053278624500     
  0.13399891987271259       0.25464535865103355       0.53572888485107895       0.47058575467458363       0.48533469437843302       0.81761158284740187       0.38386145407644989       0.68375548704518840       0.61103999120530350       0.53879401730303811     
   1.0055862558871906       0.96148467545040239       0.97748096048013655        1.1328613371739209        1.3310002113529351       0.90221530899408731        1.1625876447719781        1.4105295797412747        1.0226466114953638        1.1983150639591922     
  0.14097996215067285       0.28404187008854404       0.54500195813107788       0.48408895856206963       0.49954271039878240       0.82342973487728910       0.39149758688206859       0.69579330995960076       0.62472452550745527       0.54792681423804834     
   1.0333546670454632        1.1351576066868303       0.89489602175051031        1.2097503751034204        1.1809142699478730        1.0442154355028208        1.2464829981846917        1.4102434829156065       0.98443669567993664       0.78000739046335044     
  0.14810127132455886       0.31745088137292904       0.55399185578726873       0.49774753854348741       0.51361297784976523       0.82958622013822814       0.39927862080054094       0.70720050831107528       0.63906669716815645       0.55704084885316552     
   1.0385075183344201       0.99178934092753090       0.69873973340972950        1.1880037047558711        1.3068696826912400       0.99975559118255741        1.3325684753171148        1.1585264673156812        1.2128416110274847       0.72143709538253020     
  0.15639523239352821       0.35224444199702454       0.56264250743269317       0.51161697670381667       0.52539598251356956       0.83548016829244720       0.40671722667369009       0.71712210330522508       0.65299364656202119       0.56611287764211182     
   1.0973370480964375        1.1085599234542691       0.82847838283112329        1.0306523777182302        1.2172399341596480        1.1078253217950560        1.3259367165947744        1.0453775750539069       0.93199486168787149        1.1135797635604969     
  0.16533073946338694       0.38969860623139163       0.57111108558847590       0.52540383219757381       0.53778654750145938       0.84102622435310814       0.41365193092208880       0.72561844148476862       0.66698453793803347       0.57502782217210047     
   1.0751209892003644        1.3182587615902992       0.85960833908909084        1.2672479833229873        1.3843375125083037       0.87773434752726776        1.0214720243808422       0.95267338441240534        1.0222850734513447       0.68366651193450745     
  0.17428294817431245       0.42981315491498268       0.57949327664353822       0.53946382930752756       0.55064741548978835       0.84675698772800090       0.42079422000545130       0.73391759617642960       0.67990011350179236       0.58381710392008779     
   1.0213336798230936        1.3555872451285726       0.90204979858894607        1.0437069187584564       0.93258178001242231       0.95652421091434181        1.0674974727211639        1.0167725915154786        1.1161479689123261       0.92518741325368370     
  0.18336384174455811       0.47165385386304026       0.59368959718934988       0.55286122821469996       0.56273473244775318       0.85313975583738832       0.42845648558636718       0.74208893679252586       0.69228552758438999       0.59930970796409888     
   1.0094265047659323        1.2286664849850260        1.0519061925391411        1.0818941268009659        1.1099008724640040       0.93272730303133011        1.0925004427323042       0.84227077882703327        1.1740489884013612        1.0423545930459233     
  0.19320723138386534       0.51397773213734643       0.61028062338963673       0.56536963814175212       0.57616476117096715       0.85987098078459623       0.43648919515025503       0.75167815122544612       0.70479989915209973       0.61653093821991589     
   1.2645794400432626        1.0522091234682160        1.1066381197045407       0.96353960941273342       0.97539635871562980        1.2200489710315907        1.2434040356258753       0.99572773848016383        1.0533618604182629        1.2887381037966554     
  0.20405218295729613       0.55523662244531058       0.62558718467690189       0.57735022004629644       0.59248930080831175       0.86565736231958923       0.44470479587632283       0.76260880479928228       0.71783143134638583       0.63202062215095822     
  0.94700674954808151        1.1733801140488667        1.3249798239500974       0.88121801496905028        1.1365562686909800       0.93076100194394273        1.3076076694925762        1.0646731611662368       0.94084262573936406        1.3531711285173971     
  0.21561612573779793       0.59148480871005882       0.64079627405431161       0.58986003662581155       0.60916985663776990       0.87116883006713197       0.45242443373262703       0.77417345235133694       0.73172843164681012       0.64727142757570455     
   1.1430030017919406        1.4522057982774510        1.0767813110585975        1.0207974994760070        1.1314978061179353       0.90433610949463106        1.1916177280463394        1.1054806055777662        1.0961927185604201        1.0358690105429402     
  0.22569513144736009       0.62719194155113733       0.65617780091312838       0.60387477267262157       0.62534666613531187       0.87661409679644831       0.45899164882804716       0.78545004500650795       0.74509032402666286       0.66253489571473634     
  0.96771604123346600       0.99359655725461737       0.93485210144911257       0.94108715201158311        1.3405560340015072        1.2223250850052161       0.99386225956466434       0.97738541992650396       0.92438956744740497        1.1207039071394171     
  0.23778393350442031       0.66083603774909672       0.67272406514245642       0.61768397707660716       0.64157967985642883       0.88250412257855049       0.46467309173405724       0.79598947682885102       0.75814123605132999       0.67857116640948767     
   1.1104917155771057       0.93094814156274519        1.0236974387685487        1.0764443561133121        1.0081857161124916        1.2270842422635557       0.74897293285838451        1.0590646704568998       0.96056229092463041       0.84208576257227497     
  0.25191268341582906       0.69085290893766704       0.68924052597922314       0.63193468321653967       0.65767562465490081       0.88853313096095377       0.47024610134681677       0.80552090522562692       0.77143204523464948       0.69517283668350305     
   1.3193185597316350        1.2156807482160144        1.0477935659875228        1.2208390380976568        1.1956314938227783        1.5344972530482806       0.98851597452631090        1.1911203265109487       0.95093471034870614        1.1221100474261665     
  0.26702074139552789       0.72059781830630776       0.70526940254022974       0.64552026985971189       0.67493210321364838       0.89280379525998166       0.47671313355296974       0.81471597166813525       0.78508612005468592       0.71175081574394961     
   1.1855677606591930        1.0966910484375643        1.2584879965926954       0.84689531070842283        1.0614636135812487       0.88679903737499088       0.80322074878629945       0.96967792641947970       0.95333041903990634        1.2057654743257680     
  0.28268800147117934       0.75093136904475466       0.72193852306857387       0.66023683617222284       0.69221742281505283       0.89629593296148735       0.48468486343762596       0.82418167116690977       0.79872613923446456       0.72751311449528144     
  0.98442714939523668        1.2022912457554342        1.1828308903230678       0.91099616444658738        1.0365496181727671       0.83685909507434331        1.0192323333261604        1.0961348096245080       0.96249261468554093       0.82252055036498672     
  0.29754568767422390       0.77806593077457797       0.74168357668271900       0.67287474217219256       0.71022699312631765       0.89992045403530641       0.49313773052000132       0.83409955696304583       0.81136437462941424       0.74310981989865077     
   1.2475453443078490        1.0829054827366105        1.2219985185049553        1.1236316980236534        1.0911133894365166       0.72187897977681015        1.1439808586088378        1.0170086189620668       0.90950693537513017        1.2265947568291722     
  0.31183059397881863       0.80262725326978812       0.76279896989124962       0.68676602293726763       0.72899899919960709       0.90353653612392837       0.50209674681841232       0.84466394021120872       0.82362817483072670       0.75897471018008233     
   1.1723485938638063        1.0010654606361482        1.1815032548967632        1.2169053907861054        1.4841259198453132       0.89443393093121470        1.0947157399726481       0.93572209128507322       0.88232239168458437       0.78054125765833537     
  0.32679679840416337       0.82557510580495186       0.78123114256738513       0.70051897342512637       0.74790164536832748       0.90701316536774035       0.51099560189508519       0.85511363310062516       0.83585599041809089       0.77453362191549557     
  0.89290833148400350        1.1940176291268432        1.0466718185880279        1.0062355956662175        1.0713158441173258        1.0065160564304354        1.0628433807887137        1.0261449000333551       0.85824641698270276        1.1118655110072102     
  0.34322648060119060       0.84849062884407300       0.79902841187115492       0.71437391799300409       0.76737707877623074       0.91119057039092133       0.52098000675161105       0.86382054178502221       0.84802923460370905       0.79242242899720583     
  0.92927261514775328        1.2842673764578216        1.1705085715974746        1.0127523640124920        1.0011909682184486       0.76462846729153078       0.95391930112877865        1.1004859692258837       0.90260962206730977        1.1558560507572881     
  0.35964080454143105       0.86756976653214402       0.81485478188393023       0.72833740884741371       0.78785364400648605       0.91658011107659809       0.52965654903936388       0.87007035631297358       0.86014501013489075       0.80923730095742652     
   1.0958684879818965        1.1100539348709382        1.0520331625372226       0.92053247469707333        1.5227691265529968       0.98097695125823370        1.1354737138563447       0.90048590159790654       0.98796488158550366        1.1794864537781411     
  0.37819790869949249       0.87773031105948029       0.82954619229073023       0.74172057218212695       0.80753211008707448       0.92189116401899962       0.53925694703427840       0.87639649397865393       0.87276109223372100       0.82505738973595188     
   1.2782264080665462       0.86190194385481289        1.0943204458713878       0.85364663683550479        1.2071043506517827       0.96551174510451743        1.0808178264732815       0.89108468043232059       0.87827342750091508       0.96873758676276012     
  0.39797889746709120       0.88777784222777423       0.84280792099468349       0.75480678873314022       0.82562063464775570       0.92732208067212207       0.54950552879808068       0.88281391819569743       0.88508057983831379       0.84163931393330793     
   1.2994904744849141       0.80016981358878803        1.0682620314146147        1.0497265302082206        1.2583448791193390        1.0082671482417160       0.95712169923565993       0.85877650168545983       0.88710277085550282        1.0821886693652001     
  0.42023936965947506       0.89767846834996956       0.85668057415811394       0.76878018341186216       0.84285650942954704       0.93264348033447320       0.55979311453330349       0.88946579559084404       0.89741156785623766       0.85871285504074113     
   1.0269166134490735       0.78209696897609382       0.89495195577479714        1.0333751697521629        1.1654523572290005        1.0086689633251067       0.94174955161881457       0.77246422755019939       0.97014617366676081        1.1923671834413594     
  0.44537429467646111       0.90766618114383302       0.87245045220878081       0.78327539006003410       0.86038527428167688       0.93761713848093964       0.57056257849679415       0.89626993293990598       0.90968920511940443       0.87617080277296266     
   1.2278750017188971       0.95829400168664458        1.1878793214507377        1.1411425080692457        1.4295796119484396        1.1025866066729035       0.77578632499064382       0.73181117275997787        1.0177404376136576        1.2198950249053389     
  0.47231007578897871       0.91769158930055017       0.88865932007028003       0.79861134686278679       0.87907824794788902       0.94264497412219350       0.58287405171975126       0.90743446415611406       0.92191293641088889       0.89359784691539124     
   1.3109189212549823        1.0033768495570288       0.94930400789665215       0.83782878273552197        1.1586650669775012        1.2294528041984729       0.91222651178947545       0.97585376362957832        1.0892578882874417        1.1694424657196669     
  0.50354269035699484       0.93366598743025297       0.90557284171688268       0.81455405055935803       0.89824296294813999       0.94800364645046076       0.59680891945823400       0.91929320917505597       0.93411959574127090       0.90895129348595505     
   1.4110002563466126        1.4543049267452504        1.0852194622109499        1.0266112261225213       0.96144400372428152        1.0522124575710845       0.94870535680063173        1.0677532990023972       0.78813000525719223        1.1465387962885101     
  0.53861607825631830       0.94778932144366113       0.92222373243768740       0.83031719500524159       0.91698279598068499       0.95345522751666256       0.61233439622434671       0.93112745534194763       0.94531740524137942       0.92332816751113678     
   1.2160634435531270        1.0948827926493099        1.2966141186987825        1.0722569548706373        1.4326751939568441        1.1524651324472333        1.2180605961205393       0.93301655481202905       0.96090984700149695        1.0423105939763633     
  0.58002417774878301       0.96088883740769238       0.93910208244241833       0.84608541592498376       0.93502349053738210       0.95890877028033095       0.62887035417874049       0.94299663853536853       0.95656073506340089       0.93784209072280278     
   1.2061882766887337        1.4048538297572577        1.2638149580160605       0.88299190854128173       0.92363833655398908        1.1930637552278387        1.0953577185705008       0.90187399296575554       0.88592113227002189        1.0421472544618884     
  0.62783451536575197       0.97147571014685941       0.95490022489134763       0.86429462900707388       0.95226103005379470       0.96501281282913098       0.65006611541815595       0.95482520217649347       0.96794912813935707       0.95303184789172957     
   1.2474044208762367       0.94952796834612929       0.89140408353407008        1.0278949443452261       0.92989906762561547        1.2282975037957757        1.2528725433553813       0.84629528957063038       0.79724070318034634        1.0039473527157377     
  0.69129124544497500       0.98234173288444737       0.96995403708456718       0.88720961106837870       0.96853091303183636       0.97219035060701864       0.68331235594547357       0.96766763666120659       0.97878014716449169       0.96858278975792012     
   1.2595610138034561        1.1718152129812613        1.0111794940743042        1.0919723522741498        1.0299741361727741        1.0968264834925745        1.1886946483257550        1.0302111583080638       0.73822924541226254        1.1430774163677677     
  0.79946231956079306       0.99087185445184023       0.98485503779701811       0.92674507245027171       0.98412054202799171       0.98323610175121956       0.77462950330529545       0.98291449760059246       0.98913321137669852       0.98408352683884370     
   1.2796504399594113        1.2152139883234936        1.2307509214749286        1.4984135941131302        1.1246874863638585        1.4066069841056208        1.5395610399550115       0.89646318095131283       0.81404550122348540        1.2300848722013245     
   1.0000000000000000        1.0000000000000000        1.0000000000000000        1.0000000000000000        1.0000000000000000        1.0000000000000000        1.0000000000000000        1.0000000000000000        1.0000000000000000        1.0000000000000000     
   1.4508542590295164        1.4072014707158809        1.0669874729683257        1.0589331964431972        1.0769914308113806        1.2113285316996152       0.81634126974344623       0.69752754277169238       0.77825740224769835        1.0985466153797145     
   20.636916178076209        22.311344705403535        18.169825327339780        17.493285605354338        14.202797629235286        0.0000000000000000        11.056160523726685        16.387882771489767        13.433200563086164        18.346490747194970     
   10.296764311797215        15.843416457793234        11.556010152951934        18.372267537221678        13.450845211013513        0.0000000000000000        17.937576530771643        10.811356628066415        13.629765642103644        16.390181944689758     
   14.048378255699248        8.8070566969785400        16.329258742278757        13.729185663582614        15.233506945116252        11.359534405369542        15.198225757255965        23.727177205507406        13.137846296176850        13.341990915883551     
   7.8949832891379144        7.4305457151350467        13.012102939470815        17.458632880396948        17.429826699847851        14.508037079764938        13.895337239790303        12.996026922849699        8.3520089019010655        13.218904829045853     
   10.451096120542436        7.7726036584964646        8.0586567472232868        12.240314087500195        17.640021383520047        14.464368309760548        17.537545982886041        14.240957359426588        19.011272919105753        7.7449231313304452     
   15.030066515995841        4.1335057794128947        11.699265479060941        10.730277680693293        13.854323873111348        14.845804012304251        11.237309388436715        16.338353963858246        12.131844514531082        19.347104578048018     
   10.201946152827672        5.5016040843414986        18.433874309861363        13.679600077043602        13.391317174305048        14.255201126918472        10.013798094337238        10.989880396873147        23.995043659312454        10.108805968498032     
   16.660376587501158        14.758455054011733        18.297919082898126        4.9371889466841248        14.464020617525275        19.877710562510767        12.496235657180321        10.096601203992284        12.924626584704715        15.411392084091352     
   5.5259625942014501E-002
           1           1           1           1           1           1           1           1           1           1
   3.2772465867955251E-003   2.9588358535906209E-003   3.4225889871174373E-005   13.077228500294025        1.0801272982521466E-004   1.0186071940176716E-007
   1.1177328313290987E-005   1.1797779423081558E-005   3.5533395347854761E-006   4.2785208295493295E-002   3.5529959209985512E-006   1.7504398171090298E-009
   5.0000000000000001E-003   13.343790677020184     
