   0.0000000000000000        0.0000000000000000        0.0000000000000000        0.0000000000000000        0.0000000000000000        0.0000000000000000        0.0000000000000000        0.0000000000000000        0.0000000000000000        0.0000000000000000     
  0.10394182517659301        3.2233410812572208E-003   1.7560765117009710E-002   1.5168153242170914E-002   1.3826856096717119E-002  0.27291413653669300       0.10209569057877457        9.6105595231153446E-002   7.2174461498279913E-002   1.4867753911783597E-002
  0.73716616617929553        2.1434525480204436        1.6420356608021818       0.75857015517083615        1.1612693505727283       0.58724942172076611       0.80877579122781862        1.3898377153109465        1.2490427742020074        1.1190938410485294     
  0.16964287622761001        6.7105197219816956E-003   3.4992691952861935E-002   3.0198973743520471E-002   2.8305119174084493E-002  0.51121542847009227       0.16919369981066290       0.15299017581261817       0.12984485775086632        2.9576187898821757E-002
   1.0619386099569623        1.3865767468393440        1.3166387860344120        1.1132175226519783        1.1287325729837319        2.6437168392433166        2.0564380202605665        1.6724052338615256        1.3840739240292976        1.1727388661407203     
  0.20927613505380746        1.1098890990513385E-002   5.1113931011502460E-002   4.5997591636968156E-002   4.2583523578350796E-002  0.53324161614304721       0.18871578917678558       0.19141995619554636       0.17119334910053327        4.5336997961083036E-002
   1.0397601736926803        1.1743269288117035       0.96614767603162288        1.3117253594595966        1.1472783881726525        1.0423670409288224        1.3904652867166081        1.6451336448341400        1.1406991361723717        1.1518887618366780     
  0.24766987804378562        1.6620905918618242E-002   6.7192507753491365E-002   6.0442233450420962E-002   5.7669616017898495E-002  0.55920682086977824       0.20675418537721946       0.22542369802929424       0.20654763847310328        6.0172712029906060E-002
   1.2990913694754240        1.3481192505810846        1.0220449936685427        1.3675094928337548        1.1667747172581089        1.0571211130933034        1.3305145397863303        1.5073590916906892        1.2929458420430888        1.1597640008763419     
  0.28482234330253053        2.2323052624711959E-002   8.3276988211080788E-002   7.7115725829241075E-002   7.1661081598375684E-002  0.58073791618812565       0.21961781569077438       0.25631196404246831       0.23617966425697323        7.6495561784277299E-002
   1.1502776623688107        1.1020756992345040        1.1718462316364993        1.2374488601236324        1.0080870945928684        1.4579956098633822        1.1315778375483865        1.1931472357852793        1.3032277419741216        1.3846031119965214     
  0.31932421721120163        2.7749657045881088E-002   9.9842673652147523E-002   9.4931998802571860E-002   8.6240063152450488E-002  0.59719321191482277       0.23208828597613015       0.28315821822754678       0.26434682278611693        9.3039056732725792E-002
  0.98686840350449101        1.0817249886373963        1.0846635489053609        1.1045632425150245        1.1227602904150773        1.1589851299386793        1.1283943737489155        1.3135098790716606        1.5261876682548365        1.0892521348920738     
  0.34860988544121990        3.3456525261459549E-002  0.11615327169742978       0.11053766285585594       0.10086586684643416       0.61159987370451385       0.24108635811800941       0.30810421771186347       0.28993607541836547       0.10656600773632846     
   1.0292437857364691        1.1177399301224002        1.6186378253188298        1.0073466285067503        1.0835179561006962        1.1436704352870475       0.98142547243631573        1.3355501681770900        1.3492572621155823        1.0920317516995950     
  0.37518065755894231        3.9300610637225120E-002  0.13225619028513880       0.12680651372542531       0.11724265676400546       0.62497072016633382       0.24998905134836444       0.33190466938015695       0.31463010879722758       0.12108581345846599     
   1.2270275332898990        1.2080835735771225        1.1171948556730822       0.89062550375100680       0.95584487130603113       0.88657540938139634        1.2610148486215231        1.3998562573439439        1.5533601960510519        1.1006183735965089     
  0.39949486411373059        4.6145897347035530E-002  0.14720601353619561       0.14101815517831751       0.13440649456147921       0.63768362968036474       0.25784593202731804       0.35494209823752138       0.33901952081308134       0.13720232271135854     
  0.98860748881997806        1.0667300934816122       0.85282383515502769        1.0411361517401725        1.1074602525992667        1.0907418649059419        1.1702796754218607        1.4703241474810280        1.5417548223181425       0.99368708393427785     
  0.42182214474393831        5.4721712046877834E-002  0.16161045021542048       0.15650179297618830       0.15014716925652338       0.64979954293498865       0.26571663147446417       0.37630729900206633       0.36183216302006721       0.15313703845387144     
  0.88990254943189107        1.3651461950978261        1.3531175050840367        1.4144980054744873        1.3757681433441988        1.1694508056187591        1.3284627584376922       0.96236064637175667        1.5598990778557098        1.5628473498227293     
  0.44274209999559616        6.3446787961677686E-002  0.17627260646800658       0.17283212329836986       0.16537399695364888       0.66075104336051105       0.27364438548941034       0.39488140443270625       0.38326337838039093       0.17142320981887424     
   1.1036161545706606        1.2247700724711825        1.0473252182861896        1.1335455296685975        1.2225156714946077        1.0896659687577146        1.1593276119911158        1.5440281783442769        1.3625817313569486        1.3514161576208925     
  0.46370424863738824        7.2459157738836030E-002  0.19161570294756458       0.18882177141213377       0.18166400335810312       0.67093226453958899       0.28142620447428368       0.41119796197275976       0.40343229715355511       0.19064965964731856     
  0.84386436473094661        1.1259848280180056        1.1754444638359169        1.4052452613305881       0.98358928261394296       0.99127982892971456        1.1612660380868840        1.3221467865050396        1.0036276786249578        1.4351839468473331     
  0.48301374991030138        8.1799941276361893E-002  0.20645377565018208       0.20456874355606211       0.19742080347941299       0.68081895182022745       0.28900938672890603       0.42663482365537220       0.42188521789082428       0.20336521274566344     
   1.1171256890263088       0.86944032838594110        1.1124466221999552        1.0729426101457289       0.93733674946844070        1.2317424319458681        1.2352893451587528        1.2344354753752256        1.1457965544349729        1.0018202440988364     
  0.50141184523808724        9.1219451177568689E-002  0.22004959670860030       0.22049389203555816       0.21356043854196496       0.69019126049472079       0.29689425265661068       0.44100017090619070       0.43970832615139527       0.21817585094799141     
  0.93194771864930837        1.2455092702905177       0.98594313166993863        1.0197357264596523       0.92156773811614334        1.0255008234317020        1.4088991846419281        1.0613100873691486        1.1588920804180691        1.2626650501535790     
  0.51832751761687346       0.10466559503171302       0.23325838597356915       0.23497748224802845       0.22986035691959719       0.69953234685181487       0.30448314479279304       0.45479216175036880       0.45703547287978857       0.23466487630126925     
  0.87729397534918385        1.2055814869945818        1.0222724680323263        1.3037538636024337        1.0600478640638114        1.0750648052596632        1.3600643503773964        1.0335346994697434        1.1825805258124127        1.2823454768564975     
  0.53527920610972168       0.11942058545334128       0.24885634272927332       0.24928075318838694       0.24640260068564779       0.70879510196707995       0.31133630043433547       0.46761855704449529       0.47354004538757960       0.25182338159719592     
  0.96644735190900122        1.3374439635597024        1.1890623736008963        1.2728594527478578        1.4661175368773509        1.3077504290964634        1.1222532478850262        1.0039431243959778        1.5478496949426239        1.1451463511964459     
  0.55272655261586068       0.13377720527132278       0.26687335571239318       0.26361411805918017       0.26309959188282328       0.71772021536723374       0.31815772920042934       0.47957340592431741       0.48917597761499332       0.26857689275276042     
   1.0652915016658995       0.87646337042841471        1.1290957423752335        1.0754142413308014        1.2892012588787591        1.4031048939072475        1.2947516469040086       0.93206926311813676        1.2662952426600218        1.2105856171157199     
  0.57052593756322856       0.14847723702755261       0.28428872554033968       0.27882107775438358       0.27947624249435465       0.72669126698071318       0.32414215096646237       0.49198953952587876       0.50370527366505780       0.28417106146582233     
   1.1616513090692999        1.0469705645882461        1.0899486139943007        1.0031095336036273        1.1181368048676512        1.4424059130912719        1.2667092824519599        1.0958519539025038        1.2954729748485252        1.0995539638730003     
  0.58775477879437532       0.16397033057252533       0.30147826322819427       0.29578807342515601       0.29574065344341893       0.73570669986811121       0.33068210836295386       0.50454887658445868       0.51894212292894915       0.29932380802767988     
   1.0623049632013497        1.0707737613282122        1.2386404542743781        1.1542071591231062        1.0671668475375999       0.88893356476801577        1.0363083510713411        1.3088702529513006        1.1052936184126103        1.0550841866698455     
  0.60444424690373955       0.18046651866385055       0.31997481894747920       0.31150324397678147       0.31199733705247601       0.74457778950786835       0.33739828993594373       0.51801399706223605       0.53477020113547280       0.31568874052929330     
   1.2089347175109637        1.1493202274067607        1.5116458047471588        1.4931755237666209        1.0491680215883699        1.2648511342370541        1.4322179143241904        1.2273662826407683        1.2826238915946910        1.1447618147448306     
  0.62127037460699897       0.19703775661411954       0.33817632880351989       0.32632523369684557       0.32902316839597684       0.75302003501890180       0.34345400314172320       0.53175583372707957       0.54907412285892454       0.33269633330762061     
   1.3389054428247924        1.3185836633249046        1.3461039929565279        1.2282145776883826       0.94126953116744860        1.2545925175172938        1.3245678018152096        1.4275346759495031        1.3330528960208956        1.1236043197802332     
  0.63455223935925076       0.21423690249385635       0.35739686084870537       0.34074033628251699       0.34670434883405876       0.76073454967870313       0.34977910977033594       0.54542302671700083       0.56296054948232899       0.34839583856814249     
   1.0009052935054066       0.83146739619934951        1.0622832930521084        1.0185825010755343        1.1862219699900634        1.0416948497245173        1.5058001353059172        1.0475432180581226        1.0259664163338986        1.0352667842505079     
  0.64762452573237339       0.23081952329668093       0.37853872056751259       0.35539003670433089       0.36384706050897031       0.76820755523868900       0.35621958239198648       0.55922300550290494       0.57663721461778783       0.36511372873882270     
  0.88665378816161933        1.3026980336737590        1.5919372933456541        1.1957998281650384        1.1783169525663784        1.4212526614108183        1.1533221416729786        1.4076101368287997        1.4307575409646847        1.0983023805907921     
  0.66039359428574029       0.24774230476330419       0.40119527912021263       0.37200558446064946       0.38102679095343622       0.77574867729047015       0.36314838104340386       0.57275729270300757       0.58979118765715688       0.38170016078073349     
   1.1492993587430667        1.1405796799927503        1.5067992492294906       0.99065776770813541       0.98839021121719683        1.2272444114492753        1.0896650483668462        1.2217588348709365        1.0039473425459824        1.1371569563059367     
  0.67208379172287858       0.26408794150323894       0.42382357866028753       0.39043100368942563       0.39771907096495734       0.78295298478323039       0.37008799111924290       0.58522032708941418       0.60241102959977177       0.39889332371666825     
   1.1507358609108771       0.97147449806318786        1.6053915661222360        1.1706800916146793        1.1759700485510374        1.3243464384507415        1.3671152224014838       0.98391769279484353        1.2406400381813325       0.97438429071042432     
  0.68645269019729138       0.28399761289539621       0.44497178963714307       0.40727372452379001       0.41363602258620447       0.78989921867575952       0.37686925432217766       0.59653890798257903       0.61442755559630635       0.41608973842409142     
   1.0124818048435873        1.2779264526192153        1.2909725786392827        1.2369289278470297        1.1179542507498206        1.2236833559266387        1.2419292823096100       0.96684549216636795        1.1349969877368014        1.2928195284380881     
  0.70144290032399592       0.30655735446209786       0.46553889543570615       0.42233391950161209       0.42882568707292185       0.79662317583709985       0.38360159112739062       0.60745465480000771       0.62615065226831379       0.43307100259370040     
   1.2066820279023518        1.1549660512943745        1.2276787587200466       0.90810774983538034        1.0745744955232746        1.1497397174583246        1.1891920013986645        1.0095930450745481        1.1912583239522416        1.2270877257255308     
  0.71641193051425267       0.32959634250750919       0.48452488682206707       0.43803149405760999       0.44447111102552073       0.80297728091788401       0.39031343802729418       0.61830475362175386       0.63692803951371268       0.45097747978800801     
   1.2172540185243768        1.2185500160984892        1.1370845113530124        1.0831461075612656        1.2037110044190664        1.1985218234697879        1.3948460058815975        1.0845062616017263        1.1386783724975680        1.3789421327043971     
  0.72826923602556826       0.35367618278353430       0.50290761836958575       0.45450729612361995       0.45998960893966823       0.80882494076979472       0.39687190408163009       0.62894417562549165       0.64781842411989021       0.46595601327578978     
  0.97975714741047282        1.5332494634068377        1.4533562697257236        1.1833787895308061        1.3472786226394780        1.1039148965326844        1.0853740094842614        1.0990555454568456        1.0416678731711948       0.99307099996291137     
  0.74055842080786916       0.37579515006177494       0.52162615025623649       0.47166756331641696       0.47562621033141189       0.81496446288190783       0.40338760976619642       0.63964498368837486       0.65934539443753604       0.47969003732216031     
   1.3235655480029451        1.1596134806945788        1.4279838560787910        1.2263758749866680        1.0695053078315144        1.0447377587884783        1.2770028273149563        1.2032612492970629        1.3362955996184438        1.1496238966716226     
  0.75186948853750779       0.39709805630566625       0.53896812538527850       0.48994034127096292       0.49248543576027548       0.82051106850197997       0.40991231279981910       0.65049045298407859       0.67100492766036091       0.49390362345437211     
   1.0700327568644696        1.1116244424083639        1.2532726662944347        1.1674561904880918        1.3362142266648134       0.90170191068758021        1.0718366438875233        1.2115603402955972        1.3208012097797313        1.2102061107102029     
  0.76341725119675752       0.42017811847587505       0.55795955591067670       0.50649958613371782       0.50982558517291532       0.82589925730880021       0.41646719275227723       0.66131027347589200       0.68169608090469480       0.50883191557765095     
   1.2375699220839373        1.1170767566251949        1.1677884365716682        1.2200296905644621        1.0706394216252988        1.1343404116482065        1.3655949548335227        1.2800382991910173        1.0203504209295080        1.0955196468059281     
  0.77476081852498546       0.44321863119843435       0.57665679094076727       0.51902338257920477       0.52650505437750872       0.83132177309608513       0.42314201679774205       0.67156271308572213       0.69295449960221100       0.52230957810063294     
   1.1380613075118677        1.2418987726639541        1.2488334004050978       0.98719027540923610        1.2936532622843095        1.3181895439828049       0.94953108974601985        1.0929856660700108        1.2513333783162583        1.1548829726876717     
  0.78594490491152147       0.46850873787799979       0.59451552495619475       0.53322119573977644       0.54450964942147417       0.83696469465297674       0.43012025668293458       0.68104339611427089       0.70355842966029170       0.53691853373866472     
   1.4526326740072433        1.2503866463243685        1.3470717654008215        1.6657770580285629        1.7391152604330795        1.0592081771523627        1.3846300734912218        1.1005442415827744        1.2275636654662447        1.1785739127513621     
  0.79724020318732003       0.49312411936642209       0.61207225764065853       0.54837254319556794       0.56243431774224018       0.84303835916954573       0.43776356649695153       0.69071960828184753       0.71330327183733011       0.55188710564140964     
   1.5067240424760222        1.2338083293975064        1.0687347065478192        1.0962713893744471        1.4412148798175579        1.2168486298147312       0.95884719327187595       0.98214541892383433        1.0405491509190741       0.96799440969881390     
  0.80780424130733031       0.52168032249710827       0.62848376863371425       0.56455412235120317       0.58026039692493403       0.84916016832401842       0.44584872858899977       0.70187217554606118       0.72399166310204954       0.56743431110450471     
   1.0954491752443671        1.1873462493291362        1.1023834519492031        1.0368451342405824        1.2292502249701605        1.1441453894649245        1.2042177108408720        1.2291527470194645        1.3421543069241055       0.92511444639360041     
  0.81759570623212585       0.55141461749096843       0.64537211650633930       0.58150462363211741       0.59390717650829883       0.85519428241810369       0.45362005187426424       0.71261129209456897       0.73474295021803615       0.58538614672220168     
  0.97666693516015035       0.96215203284745143        1.0522560371429355        1.2314376796339972        1.0155945301280489        1.3626772375542568        1.3706771957989476        1.1841328067102752        1.2154144904880506        1.4062910676716842     
  0.82807924980295988       0.57950163483341643       0.66183350822071962       0.59875672892692056       0.60753045292131180       0.86114481125608877       0.46096969403047944       0.72357234078365040       0.74622686475060052       0.60282986285150553     
   1.1588024760062805        1.1862990538171603        1.1053543711000349        1.4309708341437331        1.0271779055061760        1.2194497933335897        1.1590481477800414        1.6061323358016713        1.2467872442576946        1.2812332093644867     
  0.83821342689648670       0.60772018430042285       0.67920751893020026       0.61582278358548159       0.62147188378168927       0.86682829195684308       0.46832517349263836       0.73478091187852546       0.75824157781111023       0.61991375064816479     
   1.1653071780308886        1.4541292031211628        1.0129062166042819        1.1123847636626862        1.3573419475826609        1.1577710991489520        1.1245249766729364        1.2777891114035984       0.97096563777632661        1.3348694420627651     
  0.84854586216590466       0.63625205296369303       0.69423241877785713       0.63225035089672321       0.63740835450579603       0.87255432596512428       0.47583252048527563       0.74544853801520639       0.77025870837960375       0.63743503275672875     
   1.0736525210194017        1.6349290569211881        1.0995408068913215        1.2238054362331094        1.2824257787165931        1.5112306582420458        1.0661770717822865        1.2564780696503106        1.2465034654806870        1.2648980873858162     
  0.85858204704129049       0.66288208028189266       0.70852902233053916       0.64826371995111021       0.65428349875029457       0.87814999398104332       0.48383725208077433       0.75543133572712018       0.78236147544392309       0.65467744244214121     
   1.2079235372787638        1.4094493912020192        1.0065110987015404        1.1752074576973939        1.2403579713136919        1.2906457894410224        1.0705852777351030        1.3139665431810514        1.1644875256689333        1.0906010967217221     
  0.86863897741960938       0.68666714733737111       0.72275559625522390       0.66341478995409209       0.67196586578852646       0.88327640303491350       0.49196863904142152       0.76492076890497529       0.79366559983661167       0.67239611830622570     
   1.1751180086751885        1.3238968219216098       0.95999095414470415        1.0662735352605963        1.2038285757846425        1.0258985568435561       0.96533989930295983        1.2315598733096544        1.2680080856378131        1.3376125372528391     
  0.87796418234956275       0.70981798608176971       0.73707321824413663       0.67861555339854207       0.68953852813581940       0.88863636171009641       0.49977071143275481       0.77418720126353902       0.80346841406623482       0.68814414140321889     
   1.0967581463409546        1.1070422778648732        1.1468209053141598        1.0966912390686512        1.6114885496880269        1.0850270969075031        1.0052642133256664        1.0450153614921274       0.95609014982884211        1.0803814933006708     
  0.88666309169665181       0.72692645540896828       0.74986380167771782       0.69467623043420346       0.70552730873682767       0.89397982274808740       0.50717035685851952       0.78386732925276470       0.81237737019805278       0.70355757445383671     
   1.5310406502798908        1.0606049091931393        1.2517417839205400        1.4011175834724821        1.1659823016012134        1.2782700452280691        1.5400349918359793        1.0894805722385095        1.0326062028128915        1.3192196654882455     
  0.89551409530973258       0.74161527846492992       0.76173465061563894       0.71094549892049230       0.72170114910368177       0.89925887404651039       0.51476933139033376       0.79403490772784346       0.82134794054808713       0.71895384799098727     
   1.2090574210729312        1.0838729454587435        1.0291427620189892        1.2892453718193708        1.2158274192605816        1.3854492167648746        1.2436087976975398        1.0026672886107562       0.99520997708545367        1.1653076624494161     
  0.90452432308912034       0.75625339100311562       0.77281964236189860       0.72688730493474374       0.73660334539519279       0.90442234589639059       0.52477802365190551       0.80418044058167348       0.83029410201977838       0.73440108958950401     
   1.3756628241997322       0.97133074674326125        1.0763977837532299        1.2309179966744486        1.4711216620646073        1.2559047288945833        1.3477092511528497        1.0839402735563430        1.0841086767353181        1.3234988352480137     
  0.91338871856296089       0.77108045671795733       0.78468290581018330       0.74048640220248463       0.75157524219822014       0.90961503446813674       0.53445161632692062       0.81447419267081067       0.83940443653942565       0.74941028106325047     
   1.3340356246585861       0.87014206469937638       0.90337585718378310        1.4578142923687161        1.3237286727992208        1.3607517023406732        1.1805856298598012        1.5858111243558932        1.2620041844415932        1.1319230594555021     
  0.92226005717239046       0.78966259320641163       0.79737171528371853       0.75346685725834162       0.76696270943249434       0.91493433709564498       0.54417475743679455       0.82467896987590761       0.84849936791358604       0.76404044305785557     
   1.3295615912872130        1.0606830568173573        1.1659759499294908       0.93112355579677974        1.1447258056379259        1.3436108158919984        1.0295024984111285        1.1929870729148189       0.90550582052121453        1.3392184839079353     
  0.93024706844893557       0.80790333372198564       0.80956152707382734       0.76727423011189766       0.78122903502767516       0.92011578301290864       0.55401760083105822       0.83471247950041905       0.85785751752314587       0.77845984901087817     
   1.5890956886597316        1.2105305854627160        1.2048041687320097        1.3616675074919729        1.0805872661432927        1.3546535108952487        1.0367797224439326        1.1785690585435817        1.0564659695307215        1.1648014829744835     
  0.93729238342181920       0.82575970581857294       0.82259668494416960       0.77931569702336156       0.79562579199298089       0.92514977903532047       0.56381805812522856       0.84398642363512000       0.86773753657041941       0.79294198969440999     
   1.2053560832265915        1.0482794077569584       0.95437076483135186       0.99299751922913260        1.2364553550628949        1.2689197662758345        1.2097277655712471        1.2043532772020460        1.3072463936625660        1.2495233505150876     
  0.94395299978539537       0.84335242922542342       0.83541469187226380       0.79473359543821898       0.80965296559015798       0.93007337656954403       0.57392685274997457       0.85291781638387598       0.87767668488374051       0.80880410126976543     
   1.2080469431898513        1.1119522200943899        1.0823357713005244        1.1356070871487995        1.1027414390401293        1.0578643787554483        1.1434054801559397        1.5332121456954215        1.3636750487870568       0.96862428582966642     
  0.95007315861072239       0.86073940842033847       0.84825620500374677       0.80978680758775001       0.82384775697807755       0.93481972271679536       0.58392847817106952       0.86133343571176790       0.88736032034695900       0.82584002366745790     
   1.1844286598702112        1.1868201367134985       0.84226019540100450        1.0135416155263708        1.0977440525643740        1.1468265554309296        1.2460545060197643        1.1634804219304780       0.99811070628165599        1.4178426067509677     
  0.95582596228042194       0.87753811674035576       0.86156692410830393       0.82587722401771491       0.83870407241775957       0.93935337514806583       0.59424418755052866       0.87017245900548501       0.89707042113136115       0.84191038770010274     
   1.5545847478961341        1.1223356174618075        1.0095216257061999        1.0548479831522377        1.3711271446185673        1.1656612306768097        1.2307051870895567        1.1539292800431336       0.91565013950725593       0.99377791143090866     
  0.96108523272931146       0.89272483653140711       0.87472142061928970       0.84212618407680184       0.85351861567898912       0.94360420436641046       0.60416009480929844       0.87951436689971629       0.90688963277973944       0.85582164437142672     
   1.2486876944945349        1.1253107380548975        1.1839183179903243        1.1934917909863616        1.4489640303034308        1.1706279859289574        1.0053623897589063        1.1412446058584458        1.3234728778829210        1.1231227071929524     
  0.96589050337774562       0.90677789056613656       0.88729531706758014       0.85826195414646778       0.86885485270428675       0.94742320436733862       0.61367805792441932       0.88894314164844390       0.91632676665521595       0.86983470651674755     
   1.0041663685829112       0.94271349298395146        1.1626231230716502        1.3126398674708708        1.0127359601996508       0.99426532703769932       0.79899984190038453        1.0875462512483696        1.2821348987723773        1.0676061880013952     
  0.97083730007799862       0.92120723019378892       0.89959336801216161       0.87454588019658719       0.88451134486259053       0.95076095626341761       0.62407109173636766       0.89783141365242947       0.92526726899537681       0.88370360387391866     
  0.93955152474130266        1.2692376182122329       0.76134207524439290        1.1145222027951842        1.3136106197914301        1.1313324191141281       0.99513775864931409        1.1419018228163118        1.0478626421946267        1.1383235066818802     
  0.97561435884379144       0.93499154848124855       0.91154295955997744       0.89007682619786588       0.89991486362550899       0.95442877630037304       0.63830114188694709       0.90797152703400930       0.93380585732233601       0.89897293452262017     
   1.7239050272258154        1.0795644233696313        1.0138727122658422        1.2296530364178457        1.1598150784070511       0.92317082326125732        1.2701765885886471        1.0949178168052180        1.0783820257649024        1.1814832108263631     
  0.98019155671812441       0.94746724519409176       0.92312624299870305       0.90538800007108855       0.91593671486262074       0.95828634104177501       0.65455617294811741       0.91841286087804408       0.94257397215366368       0.91514146396161211     
   1.2870185190292487        1.1586914496295710        1.1226341320572546        1.1011790004963626        1.1590144207992019        1.1002810981026760       0.97034270074912854       0.95975921432795441       0.89782912004404314        1.0800274812099011     
  0.98453764589792392       0.95855446033384650       0.93475140115247901       0.92089424547252663       0.93039221436031971       0.96289610973512241       0.67367778530397038       0.92873942724104963       0.95116853038115334       0.93109843627361977     
   1.5973450193423877        1.2602179623218601        1.1683062613693915        1.2223914461248366       0.94079620437232636        1.0032557552277157        1.0819743071043690        1.0401961544408600       0.96061016158022861        1.2218108584151506     
  0.98839351675339127       0.96852003371724205       0.94655428327617264       0.93733516073545253       0.94436707307668777       0.96722333429682328       0.69600509539214395       0.93902305352389193       0.95992114826462949       0.94617824303906206     
   1.2891468485981044        1.0928272477327363        1.1180759867837828        1.2025010124335460        1.1299454841147343        1.0358843116936349        1.0998481160880464       0.76864612137290989       0.84814535070276131       0.88406949815618729     
  0.99155508706884909       0.97728520768962068       0.95803154398754831       0.95318290896132130       0.95816163436861723       0.97279513105265014       0.72115853211762382       0.95227502913769502       0.96999222206423419       0.96008890903570154     
   1.3841534212595503        1.2940026025096061        1.4590711101855920        1.1414660703068431        1.1536373842088579       0.95415023123114773       0.81698458422072384       0.87814744682249746        1.1669007508235227        1.3025933561296930     
  0.99465626423819431       0.98574976134031200       0.97011855152267257       0.96890831456651672       0.97199274073473585       0.97848051306617434       0.75004450718632798       0.96480653390130777       0.97983609669484373       0.97355544439625319     
   1.3663555831425138       0.98642738978272615        1.3247617104601439        1.4802888446307207       0.99823771651174853        1.0859875633759377       0.95091488485045839       0.81987326293470952       0.93410601867836063        1.0147004643755269     
  0.99732051610887551       0.99304747230484725       0.98533436859054724       0.98396775717491614       0.98538600407833987       0.98791879985981701       0.82240089083027113       0.98178709679778309       0.98969362448988818       0.98696922690108491     
   1.2570059000781406        1.2113112260448846        1.1963108979065529        1.0758792289454242        1.1529454180440497        1.3107466172552944        1.2731879399614807       0.88720062877448269       0.79314378342821235        1.1142617075750822     
   1.0000000000000000        1.0000000000000000        1.0000000000000000        1.0000000000000000        1.0000000000000000        1.0000000000000000        1.0000000000000000        1.0000000000000000        1.0000000000000000        1.0000000000000000     
   1.5870502023650610       0.98449209262277115        1.6073780118129113        1.3276730944263364       0.98939727632702001        1.1068386475931324       0.72560996396646305       0.73655875884501687       0.80065860944438105        1.2364512383437665     
   1.7373079284423327        17.481630289363025        13.102889956238270        12.623605000934388        11.878732139092330        0.0000000000000000        12.777892491943717        11.786710829638253        11.946604647347455        11.244616305427011     
   6.5361355917120632        4.7320732745416940        9.3591136901663656        11.707564843756515        14.543815026342079        0.0000000000000000        9.4602463787771409        16.180885293375567        10.902708973525856        14.372086110180600     
   7.9293279306025024        7.6057126494132854        6.0915738048329962        15.112516730720802        10.176964422432595        12.200888507278364        11.471013509848586        11.567313401321472        10.205022583474687        12.865217874804792     
   13.159945677947160        6.5143326721042492        8.2155609808382604        13.396377281049350        11.865023351753319        12.203790678425859        14.606949995853565        14.544444145331298        14.872866892193178        9.1369843433329532     
   10.856106361410435        10.153753998231892        9.2899827972595439        11.120016147184550        8.5132512444008217        13.013884745822248        13.983580822113138        12.041975711281077        11.079777492818309        11.423813778371848     
   10.895672858824817        7.8876342158251935        10.040149220568845        8.9113910880280542        12.066451297024438        13.966970255477360        10.121305098250474        12.776258832085022        15.569127054002267        9.5353729359035917     
   14.157130137549386        10.060367031776133        16.637375400097632        14.128353928777763        13.260610790190817        13.384161525017635        10.690609572524169        8.8561472928741942        12.316286138964390        13.048611132225242     
   14.373323639036077        17.714799161653261        13.737002996861021        10.102136849122960        12.862649055833939        11.172013325557749        12.950376664292014        11.262619599096826        9.4134330735362166        13.442915254924719     
   4.1017825153854742E-002
           1           1           1           1           1           1           1           1           1           1
   5.0525523829301720E-003   4.8471904944491608E-003   1.2147752631127991E-005   10.111041245701184        1.0905741793913130E-004   1.1066845572467723E-007
   2.0723436456366164E-005   2.0981017744031848E-005   2.9468542857914051E-006   4.0507947034647669E-002   2.9464925993825743E-006   1.6309120906376381E-009
   5.0000000000000001E-003   11.532913021623715     
