   0.0000000000000000        0.0000000000000000        0.0000000000000000        0.0000000000000000        0.0000000000000000        0.0000000000000000        0.0000000000000000        0.0000000000000000        0.0000000000000000        0.0000000000000000     
   9.4069815711732868E-002   1.3732325160866034E-002   1.7007753294274796E-002   5.5606371684373199E-003   1.6648887972031672E-002  0.33565295856328070       0.19086732274243623        9.9446191582017410E-002   5.9446252146922299E-002   1.5285042082393820E-002
  0.83014356964230551        1.3501010091131747        1.2987256048703000        1.2852938393204316        1.4719937909753824       0.62339304830515185       0.76793230229598120        1.0411198141031859        1.1500014710932791        1.0211025793686124     
  0.15740757439590125        2.8885260653930059E-002   3.4020594668237800E-002   1.1289881625767776E-002   3.3914234145630634E-002  0.52033737466706975       0.27189319784241239       0.14666382524719015       0.11625422436890852        3.1355629207996207E-002
   1.1960931763496041        1.5002747735437461        1.5562288421960233        1.4969245184875755        1.1088092483499854        2.5079351988590606        1.8584558709910302        1.9165983152006407        1.1223934051931239        1.1682809356727903     
  0.18866387186001735        4.1488710969490229E-002   5.0214048600589437E-002   1.7929715434335823E-002   4.9278935657048349E-002  0.55543242944452231       0.30315937598700821       0.18801705103354235       0.16751774089509744        4.7030338072987649E-002
  0.94661876454940597        1.2059524455636315        1.1474877734418973        1.3960088821267638        1.1780606650803198        1.5746683160016741        1.0612495357189942        1.3102865619720747        1.6649972329288789        1.5286920944827949     
  0.21735273645526632        5.3496469591967119E-002   6.8835222950472161E-002   2.5518215511382406E-002   6.4828530407041174E-002  0.58501991759002170       0.32794174320179625       0.21800778057840986       0.21151419982884012        6.3769432245858515E-002
   1.1037748736889377        1.0855002343571489        1.4863057373148336        1.1522568252817496        1.1650087509101836        1.6975210191683823        1.1638260299210257        1.3692438736251540        1.3155655263531956        1.1538942639286187     
  0.24448699665837173        6.4895835941440813E-002   8.1477391043528150E-002   3.3687830993415116E-002   8.0733734957351241E-002  0.60807314463290940       0.34565436177166975       0.24178977188316694       0.24921546876938910        7.6970882784010167E-002
   1.0504246807562789        1.2914408480222019       0.99387114996943160        1.2347706297651377        1.1535980444225462        1.7646260975714063        1.2208370488813816        1.5310122717734658        1.2740058456397017        1.1001837644197054     
  0.27245990012701410        7.6345634364435880E-002   9.2177979149542788E-002   4.2698804764808876E-002   9.7481240704133179E-002  0.62854006835208887       0.36359573667551459       0.26665074431159896       0.28187126244806998        8.8616976961724797E-002
  0.93500324862614659       0.94899284332866041       0.91543511873461070        1.2047368480551528        1.5590208314951146        1.4755873990054225       0.99776475753955651        1.4928407207746779        1.6681657678246915       0.94305244670184929     
  0.30133437461338985        8.7679219046146825E-002  0.10313779822496170        5.2017279735062726E-002  0.11487070620581354       0.64345700113098014       0.37861397145344833       0.28685114642784465       0.30894968424472991       0.10205220522106036     
  0.94416377040408150        1.3724553762562388       0.82668964527837341        1.0678203295216639        1.0728529853231890        1.1008602381137558        1.0301754988442802        1.1345013026388677        1.5292487271566049       0.98744581749827220     
  0.32909191227470924        9.8784251875302528E-002  0.11850675183950835        6.0688056743753299E-002  0.13119533571626021       0.65816495794436847       0.39118628319229853       0.30687312083658974       0.33278272828246092       0.11875970580582561     
   1.1536674996169349        1.1533603665751473        1.3068962725319075        1.0682419223597241        1.1863646211423533        1.2472359639861867       0.90041133547991381        1.3024320451302738        1.5649318193607185        1.3523683209785398     
  0.35043731376803261       0.10863542899641190       0.13428311523612060        6.8391447012736362E-002  0.14740753847800261       0.67114829314005642       0.40185670619140168       0.32803196188757899       0.35549909606128510       0.13703106693404618     
   1.0694683531527491       0.87196333649540803        1.8719620310706095       0.75923771798865569        1.2125875026387922        1.5700116243251572       0.82516947194583279        1.1884977775312346        1.6451939114223491        1.5525440344980914     
  0.37311654341038114       0.11804126920139420       0.15144133189282044        7.6119360842315936E-002  0.16365284054803478       0.68254968939369198       0.41199736255882990       0.34936815839361524       0.37741153180671805       0.15488079531335375     
   1.0212420634765111        1.0636435137546398        1.3398639045226683        1.1794098684875840        1.5140657594633620        1.3701245893983756        1.3228551888382509        1.4549107834444686        1.1315344452989684        1.2477200653278877     
  0.39488850465886105       0.12915544040574700       0.16805559787477209        8.6208561406596745E-002  0.18052543318167738       0.69283644049611537       0.42233737448212538       0.36986752631898800       0.39677753983294689       0.17177213076352579     
   1.2516782529195578        1.0114112170665235        1.1685083709560526       0.95102893243308140        1.1709797246060822        1.2173347355867090        1.1790414287468749        1.1941234737262332        1.2306820916100234        1.1459967790227219     
  0.41606763109474132       0.14011874041197248       0.18353163839661554        9.7689896879123037E-002  0.19642496822899477       0.70260497736956307       0.43271639622946595       0.38857883386639608       0.41518818964061238       0.18800708561671176     
   1.0675457924363156       0.99536352224143820       0.92183229436912328        1.0208812569733192        1.0337878012439088        1.2889594578154890        1.3180396422759015        1.1571395048518001        1.5288684202346028        1.2152115716358638     
  0.43612958034171290       0.15139521156233809       0.19931604498442881       0.11020517416760633       0.21143277267252469       0.71028183827368552       0.44288298065224946       0.40329218974586184       0.43514247500655723       0.20469705494818749     
   1.2654091264983911        1.0605655558700964        1.4855189230524719        1.1752818150848401       0.99568761095112412       0.90613950576372992        1.2455183687848523        1.1063682950113849        1.5533572484818932        1.3333397358246275     
  0.45481565105124810       0.16267142421497016       0.21569513114521116       0.12354308353681302       0.22647197493581853       0.71713621607926947       0.45300973454640808       0.42152392002739292       0.45485998727572308       0.22176762779433673     
   1.0358536169377490        1.1597869616948242        1.1623292108313443        1.2056144985431214        1.4920766608839788        1.1174978979065406       0.99386626566904424        1.4691773942425581        1.3284260423333012        1.2502164013292127     
  0.47257784600590091       0.17433782703281306       0.23289312177164662       0.13713195842413722       0.24302221718741163       0.72473084328554904       0.46259159379364750       0.43892326741864474       0.47169392310490788       0.23825277098963402     
   1.2055198140146626       0.92220688390382199       0.92635747401071877        1.1217334786042894        1.1094874464012845        1.1536304697672020        1.2803203572161423        1.0748056154496231        1.3777242642373673        1.2370512365586930     
  0.48978911095767536       0.18764826926507253       0.25048321671168206       0.15156746810299665       0.25933360526291305       0.73378964633375920       0.47131539522151528       0.45693352719939839       0.48949158034151419       0.25574042344836512     
   1.1305006094225514        1.4814405026836408        1.1673835874834662        1.2529633165939194        1.4401578900175191        1.4046602601312008        1.1096529485442270        1.3621574969552592        1.3152819867415841        1.3160944357268003     
  0.50606045305960701       0.20157324935137441       0.26850174514556746       0.16647825371035607       0.27572239210253913       0.74278054978485364       0.47952938636798020       0.47386735840730593       0.50716401411984025       0.27301285141250226     
   1.0855008813152032        1.5228027637776271        1.5330345664068803        1.0871178264930210        1.0779087779939853        1.4310943905405573        1.1568711719762119        1.1852299086438909        1.3301039667678716        1.3019201033160952     
  0.52086387898684494       0.21543171217838708       0.28661720634355603       0.18225876332623947       0.29321202781747896       0.75143934282086511       0.48782839970727898       0.48944409314734416       0.52297813370694513       0.28880867464493004     
   1.1658002756365575        1.6037052962503791        1.3663242288745974        1.0310022781120618        1.5306256310792983        1.4278601135020261        1.1988868495969764        1.3252971886013933        1.1997293792029862        1.2330742631288973     
  0.53547854866927902       0.22988806997491099       0.30371425648653977       0.19980745905202785       0.31052882603003235       0.75881781417472238       0.49649799582121368       0.50448931837138589       0.53780397606456842       0.30410515298332297     
   1.0545834388223587        1.3205875652094321        1.6441505446660420        1.3552651588582938        1.5621540388112318        1.2893350435330404        1.1132939887596034        1.3096160749430550        1.3404578805018501        1.2775097450786226     
  0.55021675994264307       0.24520382227244508       0.31932077719930668       0.21864094571631137       0.32737992255191278       0.76553820849308796       0.50536275398474373       0.51892631380343401       0.55287551141893754       0.31969824169887723     
   1.2441300289072907        1.0331422147794069        1.1422401574986729        1.1419004277751659        1.2189119237030461        1.1094391590674695        1.5785137487443204        1.2453172054516335        1.3465842124122827        1.1054274682603202     
  0.56388802872577759       0.26107654962475646       0.33452724838396086       0.23768643958919736       0.34346713235041659       0.77224746436510072       0.51381759936559279       0.53265932062085974       0.56846325172842782       0.33520650695376858     
   1.0260758927968348        1.1155134771265653        1.3121437243547251        1.1850981560114653        1.1073180389955306       0.96978200098042522        1.3401702572862144        1.2753782936107614        1.4680884277969488        1.1012818927827448     
  0.57755188749438136       0.27664018650067390       0.34839469130332762       0.25644894464949308       0.35800462449324283       0.77883594890927144       0.52190995234153792       0.54498681835306573       0.58325178179705250       0.35187415847040227     
  0.84730125750031426        1.2017224594050311       0.97460160487397962        1.0948478513243225        1.2795418836822483        1.2447670730244171        1.3946327751417786        1.1685395863373278        1.8701844471810989        1.1443856420676981     
  0.59099191636661064       0.29216938844857449       0.36162138427318780       0.27464533522605206       0.37261443663266525       0.78515763783161296       0.52966223155395642       0.55712250739093216       0.59685385363983467       0.36808207290108103     
   1.2568389103187392        1.0592936298460103        1.3037687872547963       0.99487555747599732        1.1170054549981432        1.2996844381116690        1.2440644040840314        1.3134837405265276        1.0740071487250507        1.1503594428552602     
  0.60456426136222474       0.30767413514714875       0.37748346859309861       0.28930990252855621       0.38771559155329971       0.79158038971792477       0.53712992715471453       0.56995327418172947       0.61014849535050686       0.38412480372726648     
   1.2261341957384586        1.2417520738047254        1.1823384424171131       0.99365821010698885        1.1559071634160791        1.1683534414096854        1.2959802287839455        1.3248388881041266        1.0961238215533724        1.2653322254936570     
  0.61873529251787440       0.32352343451254467       0.39475775969338395       0.30506247873694492       0.40392161500610591       0.79838058247050714       0.54423288016096716       0.58373501335098410       0.62127518338016896       0.40117976576082609     
   1.2331236757028721        1.0915522776672282        1.2174216296679972        1.0619378787574707        1.1784573241247469        1.3379226905810782        1.1955005286091664        1.1529334451405961        1.0941349758056351        1.1800282614793876     
  0.63083105849722265       0.33933340042815985       0.41140200823312495       0.32108731108683508       0.41953870554380124       0.80560017756507318       0.55111731665490726       0.59682477610607310       0.63165040116719351       0.41746773716388552     
   1.4261560016988222        1.2161887476686128       0.90304757334611108       0.93222694343925561        1.1924459054759557        1.1338762820607389        1.2286713610615707        1.2730452091253721        1.0808959161044629        1.2691815855605886     
  0.64113801912575707       0.35618812908897735       0.42830114090156035       0.33990245094843757       0.43337677388771639       0.81250613861501919       0.55777900941571312       0.60946867858543163       0.64132976191740043       0.43244998031792364     
   1.1631004280504187        1.4509482617490310        1.5222496572276265        1.2055349349141067       0.98392458546555084        1.3110488840454022        1.1428006259010712        1.1660606827617528        1.2096333777058417        1.2115779996912577     
  0.65030996197682134       0.37224735118508373       0.44460265224200274       0.36397820450270274       0.44640160684234781       0.81832246409215914       0.56404112188260647       0.62121535775607950       0.65318161008548270       0.44630063495408817     
   1.0712400169905478        1.1985769759526259        1.3168394626480839        1.1913352547239080       0.99347119026266684        1.2370159097583500        1.0954223868164463        1.5703671764120835        1.2640849297168499        1.0896756282665840     
  0.65934231857038661       0.38830666014933851       0.45964151998166758       0.39022647717181758       0.45854100939705866       0.82411032605377166       0.57024826327543154       0.63173114890198334       0.66489994051992907       0.46079168976676294     
   1.2387806999045936        1.3898957604364224        1.2997760312884430        1.3531976817042783       0.90368233102184414        1.0848971831010941        1.2569144096438283        1.2421598070159026        1.0405959105604246        1.0170429123368836     
  0.67021082004103405       0.40576144138101566       0.47462867203010911       0.41878884239023373       0.47131220563869874       0.82930121301996396       0.57674061499687801       0.64153667175378271       0.67609085635317367       0.47630968216173436     
   1.3699582763148894        1.4850418834031225        1.1946240431161321        1.5225338040204537        1.0983835256834313        1.3571510098748876       0.90058050631758102        1.0660562043065758        1.4885442448580113        1.1844123282575731     
  0.68224261645314110       0.42303547174984979       0.49095792548458556       0.44590520431674913       0.48697904551475285       0.83417496013429204       0.58321033363630448       0.65162319041184347       0.68745401674907824       0.49125863878563464     
   1.2317061081001595        1.2838420237059758        1.2938804335541734        1.3091370699487583        1.7428603977302572        1.4104183676408968        1.3269225853217188        1.4334971734378663        1.2306914980636370        1.4393562451987478     
  0.69369014993840994       0.44159352085784864       0.50668745719367458       0.47168787690451780       0.50247227943862582       0.83861807983098968       0.58944339386984412       0.66223581467962944       0.69808165707962833       0.50629868658121280     
   1.5104726090740386        1.1461494065576592        1.1780577333813482        1.6257413759929220        1.0285541797243472        1.0495960261844743        1.1458260939043388        1.4524549334816086        1.3049514225197465        1.2637926559260158     
  0.70452881470026540       0.46240630498364488       0.52133555449928837       0.49800958436650389       0.51815578670809181       0.84291272527731187       0.59590308769400813       0.67331156403916170       0.70850509349596469       0.52212918910617512     
   1.0952167817613159        1.1528231049669087        1.1329353510883857        1.0414001355147429        1.1806145733090008        1.2367693900150007        1.2369683037087715        1.2640870179465242        1.1070692836778111        1.1837459339564882     
  0.71541876949955419       0.47720171998973621       0.53464568885210428       0.52520202151512629       0.53393227891926776       0.84737514592251983       0.60267285395312353       0.68402394289402835       0.71871406903952895       0.53898727006652469     
   1.0858621134844266        1.0659362282334484        1.0174332219774227        1.6395404166266081        1.3418424999384246       0.85229362763219974        1.3026402912951027        1.4562848089424036        1.1239169905492195        1.3860384859978014     
  0.72663259883686471       0.49280796793928472       0.54984997222436938       0.55287798883371619       0.55050640076974344       0.85237617508879970       0.60951288706708162       0.69481218645096776       0.72949171725904360       0.55560325663664512     
  0.99827300244061368       0.92031063163993432        1.2550120465578873        1.0831890307957086        1.2500428206712468        1.2470243345061842        1.5095818114161521        1.2793239163803369        1.0976256040982542        1.5626763598477182     
  0.73771099225204562       0.50774893985095870       0.56545913732748787       0.57962383077877389       0.56799803579767405       0.85776876667711877       0.61605350436989414       0.70555766842627310       0.74096751987444298       0.57104255328745035     
   1.2299223004550464        1.2590677100358787        1.2598138909301382        1.1015191004381977        1.1537884309611066        1.5382431310796503        1.3463208995064626       0.97563921171446533        1.4204910631009491        1.3267719643389881     
  0.74827481865793433       0.52269882570721538       0.58046138559455596       0.60594194586843853       0.58517716806038433       0.86284374138959741       0.62245648147446675       0.71668232895777040       0.75258628194706800       0.58577063399956264     
   1.0294357442997006        1.3466509572044925        1.2132700488085471        1.3358619934173492        1.1181262267603038        1.1259408236092336        1.2115393745907859        1.3889029251992977        1.4075874145856386        1.1006295526243701     
  0.75833239179977463       0.54020797782651842       0.59692540160515439       0.63157507177809791       0.60023741108739059       0.86758802364623622       0.62914259502923520       0.72756754483214503       0.76319411851494723       0.60194327193399721     
   1.0556519200522110        1.1668764107826173        1.1337839416345363        1.4898640970310795        1.2349906479065937       0.99555709789418223        1.4624473572632108        1.1785765154743837        1.2197710117569993       0.97309186922358859     
  0.76801789516523722       0.55870763377223687       0.61322376138780310       0.65519985421760629       0.61265181126218848       0.87235785166007462       0.63629877804245316       0.73777211558392519       0.77051775658117028       0.61883841911195836     
   1.1602631311669960        1.1568627675423073       0.97374345892479264        1.2421289091916043        1.0082884615269936        1.0134879047454248        1.3789071256776815        1.3458954733871542       0.84969004539082471        1.3592216842993590     
  0.77755213202036699       0.57710747736827095       0.62984343718153712       0.67765304315512098       0.62403584194467188       0.87687274376589042       0.64375177664194472       0.74728046275725679       0.77832428986963087       0.63555167660318335     
   1.1849638119572139        1.3173834861271743        1.5630092853835253        1.2802845238793501       0.92233000306401636       0.97540815373031808        1.3144352354294695        1.1766110707687660        1.0169456933221295        1.4261517125906542     
  0.78709413753313862       0.59512802190580139       0.64643167736528606       0.69758631106560820       0.63786066430899457       0.88156362787885323       0.65119707792373061       0.75656066797784505       0.78616447396144173       0.65275755756348075     
   1.2207749132826269        1.1151522277423001        1.4361957620768577        1.1401800559255393        1.1749667985770045        1.2936516966901446        1.3876542993927716        1.1340313690912243       0.95980682741995427        1.3333829436110114     
  0.79731336896179628       0.61251527379631909       0.66318606019098658       0.71726064937709333       0.65277378145714049       0.88611790556191938       0.65850058221220276       0.76521854158056479       0.79558456780247433       0.66988032499671446     
   1.1351767891421556        1.2563205419292658        1.3809921387486224        1.0869801669109873        1.3184819548982574        1.1697607070279279        1.3644201559025104       0.92904340091520221        1.0274450304642200        1.4282966882637720     
  0.80792644414817727       0.62924686995453960       0.68029850094247457       0.73666366548763973       0.66682699043038807       0.89058885900101603       0.66553920871714090       0.77305272559064342       0.80627879178865913       0.68501122554867244     
   1.4467515906893866        1.2047304321607117        1.2840424893072695        1.1141725989189584        1.3481521149535822        1.4385234834304899        1.5468024970847492        1.0651250585605430        1.1040204757250618        1.2998329401243653     
  0.81897579455296488       0.64638093236763294       0.69661208771046701       0.75722066234750629       0.68088663790995096       0.89511112172958862       0.67213192045372339       0.78045814654326351       0.81649595200880298       0.70009786773183358     
   1.2671048494870467        1.4118947753475097        1.0246418197277087        1.4915154616262676        1.2378968872354512        1.2930804053413913        1.1429157823261171       0.93231575402695244        1.3389008820014383        1.1448273356466614     
  0.83007899028098686       0.66440613346671029       0.71194982295430764       0.77801748447202490       0.69608984009605634       0.89971416389203351       0.67883592461469611       0.78827579594364949       0.82643733729048552       0.71740388389508547     
   1.9765314027750978        1.2392935712829956        1.2530866012092425        1.3399217975234177        1.1706202878834731        1.4923338389508767        1.4220566854921510       0.75279042355044334        1.1782997056681657        1.2883950360791696     
  0.84137257379895769       0.68191016178818542       0.72673659698417903       0.79743878335567919       0.71250793401394785       0.90463410346705186       0.68605725353242974       0.79579912818019138       0.83639740872527046       0.73441214513107256     
   1.3257509988737988        1.3781919241402794        1.1529418500528232        1.5048960734000167        1.5776507320837281       0.96155408039078416        1.2121040708152619        1.0079385223177864        1.4131978780013357        1.2525780606775270     
  0.85245666754507465       0.69843443979956565       0.74162264756791585       0.81588444186129538       0.72903322738956866       0.90946203798554470       0.69359038113236560       0.80437580649244389       0.84623407182010157       0.75118679732073657     
   2.2333770470619463        1.2614657557438773       0.98051340587984082        1.5479015316093923        1.3182192217942583        1.2292703277421213        1.6798519685749274        1.2630141993445096        1.1890347385155133        1.1675014551396474     
  0.86298860970732227       0.71741967897664916       0.75814684814514699       0.83234568194764413       0.74556671428257582       0.91362444129664855       0.70135199193225195       0.81415317735509385       0.85575077531108468       0.76701204606739337     
   1.2205277446778870        1.2270261229506803        1.2307867517950761        1.1225188951157246        1.3576365177839655        1.0226432550896554        1.3941884447437183        1.2256228275861432        1.5513268909911571        1.3477279389765642     
  0.87058542152849527       0.73680272565310212       0.77540039405905981       0.84754773674493056       0.76198799986440602       0.91688467912168325       0.70813265960005611       0.82389016147431093       0.86482521788625033       0.78251548926050263     
   1.4314615609837857        1.0233944166427702        1.2833252884474744        1.3258423680114810        1.0325192390329929        1.1179889056258128        1.2941953802534965        1.6827708315331356        1.4109742486239238        1.3255997711412575     
  0.87744605543335608       0.75608656722610590       0.79199563500926495       0.86209139511511812       0.77778114289943390       0.92026356018290389       0.71385694551239109       0.83360460986959528       0.87381030080389865       0.79618062683030610     
  0.94830859278373614        1.3256453975618756        1.6125542115238434        1.1671857598007436        1.2962062927056131        1.0026637602451056       0.92641430317269990        1.1020201279596795        1.0287923151742944        1.1493861987527314     
  0.88379789072566062       0.77558148552069683       0.80701286579777609       0.87525710517067112       0.79336280247692836       0.92364638090949713       0.71956224555262460       0.84309132926493546       0.88277372507343821       0.81094194953177501     
   1.2758784699377062        1.6725796276331855        1.5119786661174426        1.1151635938296456        1.2314944032188313       0.87182863265177946        1.0087045156304024        1.3196000291870082        1.2155880906854379        1.1484876124234247     
  0.88982620168144222       0.79589021629607704       0.82147804207671504       0.88718972692701770       0.80917673695499948       0.92730239277405491       0.72516650680586892       0.85241854199525846       0.89124831459972964       0.82523587902314088     
   1.1659456098598260        1.4241062533496611        1.2202598619942202        1.2573088785785560        1.1039307626386323        1.1388924622634846        1.1127116241640493        1.0680315965559426        1.2112220584124258        1.2580058644525296     
  0.89719252642124747       0.81579650195459030       0.83648546108159949       0.89873282971582147       0.82516630944804215       0.93166890922882750       0.73083100551543079       0.86201433216371592       0.89952448486446701       0.83992611132387063     
   1.0944436768429879        1.1458623212762444        1.3231331587162325        1.1144677780626693        1.4374099186164710        1.1035109897532178        1.0900409362978605        1.0200040064060627       0.98719981679452762        1.0668982975898929     
  0.90642050636194427       0.83418234494521870       0.85229168211677231       0.91017596123065181       0.84245988656980764       0.93627364726770490       0.74000155043308724       0.87142607102516190       0.90803825918657755       0.85483109291559078     
   1.6110682657365092        1.2498286502029661        1.2048386815574210        1.2402062421143547        1.1556876108100425        1.1466400394279297        1.3296682976053211        1.2748661084934043        1.3347784675534322        1.6167578855416427     
  0.91586667935291577       0.85152770800251154       0.86939050340696700       0.92155219778125252       0.86028115577064268       0.94076918211395411       0.74791895331956570       0.88085083493323379       0.91706699337253716       0.86925087213163521     
   1.4520984432589614        1.0516537410265199        1.0150079761196693        1.0138782711226570        1.4590439983180399        1.3780233232218926        1.2130770247275484        1.3695365012599778       0.95299289538605392        1.2128179029053616     
  0.92505976246832411       0.86915797892474556       0.88765175767272286       0.93283868011781546       0.87676453723433490       0.94533008132532492       0.75605036717034990       0.89133083824249859       0.92669178321527779       0.88464506392436426     
   1.2264197743665892        1.4048410446724444        1.4993284306341743        1.2652814645419781        1.4848950734426205        1.2633214465838571        1.5209671110939458        1.3689627020370618        1.1232823826021772        1.2337803782604562     
  0.93402229958629079       0.88646270995256882       0.90546322101794152       0.94369871634258995       0.89247226005930924       0.95003930307162510       0.76349144591231966       0.90294443904051536       0.93632202329112302       0.90068649566566694     
   1.0595542720121942        1.3525938281330179        1.2011938612018991        1.1519950140552773        1.3347359048618410        1.1627005083634880        1.0089875269831567        1.2946121584286849        1.1504795669067427        1.1557890945922817     
  0.94293499930559210       0.90452792167604512       0.92283828512921173       0.95373372634281828       0.90806700622377079       0.95490094621518529       0.77156743514281667       0.91465628286823430       0.94601620920645968       0.91787848431175545     
   1.5595928983788889        1.2406480247363816        1.5048319656756233        1.3134969257193441        1.3689900840499452        1.1822089096005393        1.0315309654428964        1.3466427084954944       0.85465404051034510        1.2119863141274358     
  0.95219248948617841       0.92215823564191224       0.94052904262300385       0.96313919063326447       0.92264252493924037       0.95987931344317590       0.78281136631223214       0.92596222609642298       0.95531587344396951       0.93492152699913644     
   1.8299891112166087        1.4414991527682388        1.2764312915153810        1.3354443236234363        1.2491706149166353        1.4578857483536569        1.2533165220922824        1.1780263528345865        1.3273434625727385        1.2163379292633894     
  0.96147453447356679       0.93832839531269885       0.95648702419154463       0.97177101886854678       0.93702033608202773       0.96495763408711865       0.79562122829382853       0.93755634476906269       0.96437824952123119       0.94805948442797805     
   1.5322540623668077        1.0614717252167376        1.2886530595366461        1.3633897115475970        1.1289364233266124        1.4774217831010223        1.3574417992391603        1.3980335280351162        1.1040139834240843        1.1937721993191190     
  0.96961369922312390       0.95308636979927364       0.96922789662536712       0.97961370369623135       0.95293629049086015       0.97092960012438090       0.81153934173650055       0.95112778936287801       0.97321980637437444       0.96053190488829066     
   1.4457024490202011        1.1272405226484379        1.2771766559025604        1.2169078498475649        1.1811040026685029        1.1633171294955362        1.1855260041321678       0.95848713265444097        1.1145595592945385        1.1762691080751564     
  0.97801318416888716       0.96802062574199721       0.98066390901408995       0.98690805263099424       0.96833503730986592       0.97734920193204977       0.83059292899064019       0.96581184860558700       0.98188048838589681       0.97544951160258708     
   1.1473977448013579        1.3957874320099941        1.1347482276723775        1.3552888430200489        1.2178519851235459        1.0371049725246657        1.1849584995813196       0.95230049577937415       0.81416578486011326        1.1204583628210121     
  0.98837104072918791       0.98363470516988849       0.99067124452386346       0.99340541609503807       0.98461691908693871       0.98730204692615919       0.88452369773854966       0.98227344996437405       0.99073386650552486       0.98821340250378631     
   1.9950944347849975        1.1890125312638444       0.85603290234179585        1.5225273908636809        1.3578790426676877        1.3207459357460229        2.0811448262020336        1.0291958453074164        1.0918273887036747        1.1095572852520681     
   1.0000000000000000        1.0000000000000000        1.0000000000000000        1.0000000000000000        1.0000000000000000        1.0000000000000000        1.0000000000000000        1.0000000000000000        1.0000000000000000        1.0000000000000000     
   1.9623197842361852        1.4338426224106231       0.82025692104597736        2.1538164307398975        1.0711936958512203        1.0750714445860567       0.91998413958116143       0.79013136554172103       0.76889714038025558        1.0182033537891664     
   1.9666591102319975        14.697734510942180        9.6394750140160781        20.006410462723892        14.354617319605826        0.0000000000000000        11.445353919728591        14.014575766987138        11.609978756063247        12.123794086676350     
   5.8549655079850025        11.241448249678344        9.3840390732195260        8.1425278936108256        13.677184689180260        0.0000000000000000        10.490728972306730        6.7467007258852369        10.530504353496253        5.9320637424658456     
   7.8007703461507303        16.252514877188467        14.027790628041794        9.9162908359099511        9.4242663095082300        12.306224135963335        11.035324611784244        13.389021501779004        11.305950057176522        12.560801155262460     
   8.9190050016483013        7.5243595270929013        12.007794548922989        6.8294836459121173        10.248241579531946        15.400605465929571        12.289241586414789        10.320325012258131        12.993744351644013        11.273812819069928     
   10.120427265074797        6.7036031166005454        13.427094325964214        5.7514532905192866        11.116015082623013        12.493977802845311        10.192952619130779        11.857724889550267        13.591863630473060        13.019375273420668     
   16.718585688756828        7.2498245937371220        13.584415221057625        3.0128660640176901        9.8916859560733066        13.769551921742879        14.847038758186816        9.8075320988551784        13.069649419385717        10.581978912322812     
   13.874020869029792        12.464894702162285        10.218893068286212        3.1001428797842614        8.3103265180532979        13.532723150615046        11.733037962975541        14.646952836090010        9.1864084174724514        12.533704712459544     
   10.907194932007418        10.516811166280299        10.051230679057593        15.859467404582146        10.874023160619508        10.611450637427442        10.543887913264506        9.4842361728403173        12.258922819626925        11.707387538553284     
   6.4616728116449196E-002
           1           1           1           1           1           1           1           1           1           1
   9.1102218132755319E-003   8.7157563903101937E-003   6.5804136892596179E-006   9.7311380506201388        2.0132457908275748E-004   2.1084823966159229E-007
   3.1408064432107769E-005   3.1761796876381277E-005   4.4697054896506480E-006   4.3268815305437316E-002   4.4688469548526896E-006   2.9174228276531968E-009
   5.0000000000000001E-003   11.011245592445499     
