   0.0000000000000000        0.0000000000000000        0.0000000000000000        0.0000000000000000        0.0000000000000000        0.0000000000000000        0.0000000000000000        0.0000000000000000        0.0000000000000000        0.0000000000000000     
   3.5449523815480220E-003   1.7135455070130931E-003   1.4437093244067984E-002   2.6719245497038673E-002   1.6106133551546761E-002  0.24306026091309599       0.14435534701851988        8.6140574342650322E-002   5.8809047932357097E-002   1.4935186977748495E-002
   1.1007921188908929        1.7694259200855837       0.97851485822716944       0.71957661806959838       0.87633597067113411       0.53949016633829394       0.56313812808644814       0.89293363206885579       0.79588848549742253       0.85478234179284585     
   7.1292715309343481E-003   3.5281348203901860E-003   2.9927722721121649E-002   5.1565823852124999E-002   3.1848806543477576E-002  0.41522786477102680       0.23490338327347124       0.14904130260030879       0.11811943706207684        3.0333670665195007E-002
  0.97643288524234939        1.3334198434828914       0.86426861879042216       0.97691012002716948       0.83612024513370609        1.2268211246839036        1.2790093597490790        1.0431940138819129        1.0384203794172018       0.85037730355976604     
   1.0503478469161961E-002   5.5193960028776818E-003   4.4416726465485147E-002   7.2675328113828652E-002   4.6986909823623288E-002  0.46773919687944066       0.26436861184287069       0.19522119266574189       0.15747679426285724        4.7198197784728495E-002
  0.99098409017488676       0.96130737022449231       0.79737509558884323       0.85775542836482632       0.87540647861159215        1.5055211845953305       0.88628347221719272        1.1029136385654397        1.1525033543300460       0.88893036704424910     
   1.4084374363212542E-002   7.6789608892145608E-003   5.8673007244172938E-002   9.1921208009843075E-002   6.1738535160757474E-002  0.48640308865726445       0.28859454815053770       0.22995593475254658       0.19093291492329659        6.5611669673473649E-002
   1.1438128820494819       0.99976163982216082        1.0261580688797571       0.91803326561762622       0.81341604609151597       0.84065919786073640        1.1791619553183921        1.0641787590658698        1.1761541597773031       0.84122072938780068     
   1.7434620879513783E-002   1.0055350602518238E-002   7.2503619134722475E-002  0.10916315225255406        7.8346330922053009E-002  0.50392456892249626       0.30269113673823078       0.25511003788165010       0.22015441987375819        8.0385268725303813E-002
  0.80546636314257902       0.84532707909825411       0.79210709093219556       0.87535738850260991       0.78336773044254671       0.81902128120789131       0.82362652515243706        1.1828566450749403       0.82040774794203097       0.86939520038322893     
   2.0765663540258206E-002   1.2988692199566162E-002   8.6016838596809517E-002  0.12542069387750074        9.6125381876513830E-002  0.52090229120223264       0.31707817173120795       0.27812949488926669       0.24824379010606779        9.3882839950726438E-002
  0.98566927023776629        1.1325829496755087       0.69571407998216450       0.96889304045615787       0.76764581694438616       0.97086280750368592       0.84065439974033573       0.80107476045482318       0.83554533484154281       0.87983266390346115     
   2.4160917124929182E-002   1.6434631121697050E-002   9.8280649706298323E-002  0.14099136103657575       0.10799492160510661       0.53858757869540663       0.33045056722031763       0.30131552402952283       0.27643277970004543       0.10994772875469387     
  0.93938827544035486       0.84595501226853032       0.80350515864280436       0.96212332705689096       0.85066460534389443       0.87041226507772573       0.97389545921523391        1.0284217257469741       0.72869646241823727       0.74513301136642407     
   2.7557919410321007E-002   1.9910431728075696E-002  0.11202804529695030       0.15679805336474628       0.12063349198861503       0.55516436328435304       0.34363619071615353       0.32296465736533714       0.30359698900839605       0.12580689042714902     
  0.77654526499766952       0.95022312770804929       0.79817154158366699        1.1207095902014157       0.68830554444359293        1.0474702707108208       0.92484289704382139       0.91203246466137522        1.1517797578157127       0.93718696500117338     
   3.1259194391776199E-002   2.3786302931633068E-002  0.12853859251810040       0.17499718392922722       0.13531941818418633       0.56998340393485947       0.35635230133903528       0.34598174864121456       0.32676205425548055       0.14178824003051721     
  0.84279636900644184       0.93542823641120310       0.91053245752949907        1.0117330217946991       0.77328307548958974       0.81152513889900935        1.0968935775215416       0.88243458807982567        1.0477049425816622       0.97085370565143203     
   3.5313685848613774E-002   2.7932902525734569E-002  0.14280774384123501       0.19524556500559556       0.15123119617415481       0.58393500187935599       0.36780346434218869       0.36467856697744427       0.34982801476246933       0.15736953174542867     
   1.0071571707468423       0.88917316130032220        1.0987739195002963        1.0767432419618705       0.69710232335090538       0.88900046902859620       0.98561274603198301       0.88831734299818610       0.81706320617556971        1.0149932831816972     
   3.9472577956082229E-002   3.2300067024611349E-002  0.15611076867700679       0.21171292479091036       0.16852131899037290       0.59735028888546682       0.37864173034316356       0.38080069702111286       0.37327059413713415       0.17325274628371423     
  0.80453259381396525       0.98037735001960891       0.69730600003310517       0.97605454957141280       0.81884967313111334        1.0347605725370927       0.92813975484828903       0.83586858065206071       0.65862534874433876        1.1061686817097125     
   4.3838998506530925E-002   3.6555265193448538E-002  0.16914264244755492       0.22660166701141732       0.18459148897287647       0.60949145110927083       0.38958555728221467       0.39564703156060499       0.39672375870502097       0.18916869283869028     
   1.1943163180457599       0.96355992930670675       0.81960148752351036       0.79467237148643266       0.67299963484810155       0.98644882585422078        1.0745684564903435       0.72834059574294341       0.64842180056593279       0.87890708867657541     
   4.8518459995473336E-002   4.1375420410959415E-002  0.18200779985817009       0.23994400158063747       0.19942884121071125       0.62029449222258304       0.39966324075952797       0.41100947535459142       0.42038178445391344       0.20837834370499275     
  0.79880649937311965       0.80518762922965614       0.96306904084735379       0.81939046110179192       0.77627279497750745       0.75973146881477083       0.76761033429464198       0.82931651435566744       0.69325169839820733       0.89890072782458363     
   5.3199987559078572E-002   4.6546372543872470E-002  0.19541277238025712       0.25420883627137048       0.21335463671079430       0.62940744145616301       0.40835926423696539       0.42802685028542808       0.44211387057481855       0.22851898493631653     
  0.65781455024701507       0.80142290835853225       0.88612595101950664       0.98856526340575257       0.77261375901853069       0.89566371800556821       0.84249929769876175       0.99018153658982999       0.78431659507241924        1.1061940712469389     
   5.8063166363448326E-002   5.2219334535331806E-002  0.21107733545461280       0.26926737482980123       0.22941126797837788       0.63840614122895722       0.41709500113208725       0.44533608561728616       0.46273241758310268       0.24701332110088720     
  0.98430423553872681       0.80456051824227559       0.82022473314211219       0.81942794682481424       0.69475977155777513       0.85584810728875049       0.87219063689225140        1.0333720463213334       0.71014663252535970       0.93671015693363635     
   6.3270938901962004E-002   5.8812094981130755E-002  0.22625093133356663       0.28506120340699825       0.24742221968633535       0.64801955701051872       0.42529327217488166       0.46436399296428849       0.48182882714772546       0.26437919981310576     
   1.0145779047857684        1.0683621550286198       0.77125754805970925        1.1081507010400524       0.78583844124153146       0.98837604576793092       0.89625710061718533        1.1988834714525600       0.67098133551631445       0.93950443310121856     
   6.8096075145053003E-002   6.5833233014949824E-002  0.24128616330983485       0.29983563552616033       0.26533166788786500       0.65744150311401939       0.43339136210827861       0.48278235208399961       0.50093690728830653       0.28028929226163424     
  0.84925659527382558       0.89872444209141256       0.79946297358896345        1.0950709479763938        1.0485654164940359       0.90900450541333166        1.0304618587840166        1.2039652726431216       0.97157304968520708       0.93833941880786009     
   7.3052161202238855E-002   7.3315815020761635E-002  0.25683223851993192       0.31398029981816278       0.28309384736248933       0.66685625275765315       0.43972859867845621       0.49985674466771668       0.52163678500345600       0.29475875232248838     
  0.81798385092497983        1.0361775063699041       0.87076271605999578       0.87820193712371741       0.98533166341687772       0.82958354884350882       0.73379375782463740       0.96784035371334198       0.76478241089682264       0.96967196625827157     
   7.7978474277626122E-002   8.0799747076702066E-002  0.27337856126751925       0.32778773989583609       0.29847515540336500       0.67602143598977871       0.44570243678370558       0.51634101738959337       0.54138397337233157       0.30996209670015168     
  0.81568046276464312        1.0367732428128986       0.92887258112792348        1.1603516041250128       0.84666407157544266       0.92090606333063030       0.93343441415989259        1.0741883531085472       0.95675203047711332       0.82848502433137772     
   8.2779899848016786E-002   8.9169688315858267E-002  0.28931353242934216       0.34179979919615316       0.31361287085180184       0.68448131362975662       0.45203346106707815       0.53139066449586547       0.55917154429475890       0.32445654173102856     
  0.75889024391739868       0.85487899373386966        1.0028358982281118       0.97457829175189248       0.85607651653223882        1.1249046945062935       0.88313932314431864        1.0726216258175698       0.67703982893398640       0.68968047198187798     
   8.7466326273551553E-002   9.8320862622933811E-002  0.30339627060939212       0.35529549017217754       0.32797026857230444       0.69262661723560737       0.45832484174889160       0.54643258544882922       0.57538849669857584       0.33731240492024966     
  0.72999263516272750       0.79598281284377537       0.92140998320751377        1.0877052458572942       0.86674473648041972       0.86588653108910418       0.83386546741079659       0.91473543538783364       0.83726709118045972       0.76702012711953804     
   9.2651111449595216E-002  0.10892713252865141       0.31662438093916950       0.36738907480675276       0.34303610137903817       0.70062177056855834       0.46481598011643654       0.56081240184315384       0.59077998497936368       0.34959631803048141     
  0.94248580066050924       0.87902528085331244       0.75309517029776418       0.97702336370843623       0.83077596294227096       0.76504702816566794       0.96149591732225415       0.95690329895923210       0.76974908358927352       0.87141935681666349     
   9.8131591963967743E-002  0.11963420072215422       0.32988146986681316       0.37916262200004547       0.35680538551884466       0.70851221675055054       0.47150633511154288       0.57496555147340067       0.60627679769089171       0.36262519532118537     
  0.91518531416435123       0.97611591067949555       0.77179145343918898       0.91636406866295372       0.85971415737984225       0.79285249652570655       0.91641233277052969       0.97532855828779030       0.65968900987336820       0.97823261480135448     
  0.10441623424488140       0.13079856066825604       0.34350730726251877       0.39108232769230705       0.36931334173245345       0.71540726300804536       0.47820199008309033       0.58815102100686723       0.62064356558173484       0.37731474621599953     
   1.0181350494068067        1.0573345454279619        1.0538184950586078       0.83199870038604307       0.85405773870910029       0.75536282889824824       0.92671735334370964       0.88721994504215873       0.83906952662377499        1.0277427210855685     
  0.11092493534924242       0.14027888119051471       0.35715571233341586       0.40275387888093755       0.38268809113033425       0.72212825411982751       0.48498688039349264       0.60085723027180837       0.63464576930857231       0.39031089773882183     
   1.1473411566648861       0.81555435607742433       0.90142985351497062       0.78610454891543058       0.88994098482616757       0.74451931606924204       0.94047211895602534       0.92313077336110383       0.88779830392363446       0.67547435667874900     
  0.11728944446797419       0.15006827154062083       0.37176011917402307       0.41457250937007251       0.39628302331407178       0.72918673930266653       0.49240114941954738       0.61342723722657222       0.64900460612735034       0.40346098580783979     
  0.86390761976080332       0.93580812383699896       0.93759536409097910       0.87070565333134531       0.96482544495921885       0.77358189368375641       0.89332167054652722        1.2343819620771670       0.80799796186974449        1.1023536819644826     
  0.12373669878007598       0.15992781245335777       0.38740675699634547       0.42577481965967073       0.40951766321978744       0.73481882379881791       0.50015183932544349       0.62613616812241180       0.66295507591842084       0.41523881272410124     
  0.95200561778676795       0.93925514808906174       0.83360297815849815       0.78195266210457559        1.1418766821807016       0.96345131254458050       0.91100299640225346       0.92908117227331621       0.78901799684958318       0.66696119422568712     
  0.13067107534167707       0.17200038970670853       0.40272559150858717       0.43744322725183798       0.42429165933852053       0.74052714325649704       0.50704807898567872       0.63876373388232055       0.67618695170287724       0.42833667197030895     
  0.99946109458557408        1.0243699446949648       0.93029706963030268       0.85139236857133738        1.0229091311891885       0.82397225327221113       0.99280451102388456        1.1831946786704677       0.92714974025173913       0.86999844715829000     
  0.13804065759183362       0.18767032028987402       0.41836917870788604       0.44911784072598332       0.44161263068219359       0.74743325549310313       0.51349285492058527       0.65025919028947443       0.68825399403572440       0.44517860519915053     
  0.78380961788093961       0.99974304496244593        1.0235139386071559       0.90425577581227279        1.2588075558416716       0.71116866744963902       0.84322483072951226        1.0691155869040483       0.83691172784863088       0.88465735362676612     
  0.14562891856359883       0.20199646309240635       0.43486088292839142       0.46249055641860820       0.45795017100699031       0.75413531947465207       0.51946498420511067       0.66159178096966664       0.69989596864106618       0.46163680751287051     
  0.80333026047138112        1.1845799432886044       0.98085141990461688        1.0296586742372091       0.90988883130605602       0.84979254823771710       0.94941638896756364       0.95017459273503801       0.75993203238689466        1.0707972105449088     
  0.15337625669705990       0.21885456013655058       0.45317104318836149       0.47570217462478132       0.47250272334550941       0.76160564617484972       0.52538165175410445       0.67306000289476919       0.71180424659650487       0.47808011024830033     
   1.1514655353516774       0.80371142982839627        1.0826540180978084       0.91119843086219732        1.3169220749615607       0.97136525390693651       0.92232627748021312        1.0032873103306861        1.0177026361568557        1.1313486843659835     
  0.16181473099422647       0.23613426468901080       0.47160628698163959       0.48738591662175951       0.48649551341671859       0.76879455834188359       0.53171243902743159       0.68356024507456270       0.72425218519109380       0.49457362215283873     
   1.0007398854693670       0.68584954740009973       0.98492951583096711        1.0368141056135294       0.94028321834104034       0.86138570142782422       0.75702168342538079       0.98260139009141734       0.78290027863899769       0.97638405523984750     
  0.17137807817277415       0.25461893497050314       0.48789777715361621       0.49868829242664864       0.49975569974707978       0.77553125014301627       0.53831713420797700       0.69325210112946023       0.73605911140190139       0.51041204960544573     
  0.84232147385902012       0.79718017102012084       0.86155710549375097       0.81743007548319047       0.91332317172994570       0.87193170320402491       0.89290873618538313        1.0087892702309744       0.84985026495415017       0.91452917928324551     
  0.18109879010561633       0.27264714699641879       0.50337746611402168       0.51073151267401962       0.51348070276729951       0.78151870030573989       0.54436596274032001       0.70233722860452474       0.74676038798152178       0.52599972005373963     
  0.78277527977803785       0.88388280965010990       0.99280441021793631       0.95258181255157715        1.1048714094385765        1.0338497020262813       0.71728893268101335       0.99432362898351134       0.86101708370131880       0.99690470006158138     
  0.19086807797127994       0.29234761384526886       0.51896904973842461       0.52444385797262894       0.52875665047130960       0.78743837529970795       0.55015380896915711       0.71211561279044511       0.75725008130633797       0.54102637307363344     
   1.0712524113086108       0.86921029633021329        1.0062464111479417       0.79814028328545239        1.1408726085917884       0.85062299392781993       0.85794336369090163       0.92005791853014751       0.71586561044471009       0.76703263986570680     
  0.19962395727997892       0.31555885570323428       0.53560920936833434       0.53801279092029741       0.54386577461172514       0.79352435428840762       0.55638742365511862       0.72111636411267044       0.76821550213863976       0.55836522651226073     
  0.93340998185849677        1.0253379072466851       0.98973729632462204        1.1504219228936523        1.2183558091663136       0.80030617797875403       0.90391046932064112       0.67698119575110172       0.84699823903158744       0.80740987942840881     
  0.20739006501773219       0.34074639272147578       0.55263599368898775       0.55060469485860475       0.55847571515165451       0.80007452437859283       0.56223827673818594       0.73167062774676728       0.77956802473758602       0.57489029981735396     
  0.87730347043046253       0.95795926901125750       0.90911538743224696        1.0500360299750791        1.3113356003122376       0.82907450132236948       0.74547594771305681       0.86957897251070859        1.0521930691517047       0.90961415673234947     
  0.21654571853027274       0.36640453711321985       0.56969989633857976       0.56196097701184433       0.57294719436541774       0.80729629014318438       0.56878943291441975       0.74030266081567886       0.79095442642778258       0.58919093991863658     
  0.87208568899277950       0.77415433206255202       0.90157554156267883       0.91498181806910539        1.2378180580053229        1.0021042346487985       0.98592690606425937       0.68998204808793995       0.91439619969116026       0.80623151356440304     
  0.22556006860094704       0.39475121402047536       0.58805968815365373       0.57235647186666716       0.58776824353545754       0.81450666273548078       0.57506444600706619       0.74890498453131504       0.80161204501776107       0.60204566589542785     
  0.93802344174626240       0.85542706016366088        1.1480643285277481       0.81024762981584131        1.0712921662290806       0.95074244202067715       0.86789500007649256       0.81865073017341627        1.0208149906042969       0.77320690520030788     
  0.23516462289874726       0.42646922794147613       0.60624714219348108       0.58382471594776908       0.60308272799976592       0.82008819064378402       0.58137590833527519       0.75530720976425014       0.81122774087163807       0.61485372204281574     
   1.0311337216771008        1.1093078259878970        1.0314929962402000       0.99352800525091045        1.1121535261203779       0.86124614537972410       0.94046279538788846       0.84838945365474427       0.80840323424419425       0.67941327920647954     
  0.24525239046426767       0.45791413449114976       0.62397229307130153       0.59643102387329638       0.61953917715288764       0.82618615157559416       0.58722561480714830       0.76239020162381832       0.82063817040315834       0.62948419134322642     
  0.77270000989008636        1.0133826259900267        1.1661769180626587       0.92202706545583202       0.96769599149559027       0.87657615228227104        1.0050634035852657       0.69804667625990968       0.89239575233508639       0.93564818185496568     
  0.25614944848096655       0.48863792995725602       0.64062338985076694       0.60995066041879287       0.63651893860511843       0.83323035950918134       0.59247811621040125       0.76927988945169556       0.83025732390588247       0.64406964723695492     
  0.94616400092469621        1.1045007861125771       0.82252266909272442       0.98937924806082644        1.3952129175543986        1.1031358907625797       0.67490546863824674       0.81337302701897707       0.84393775575877550       0.79917529112184282     
  0.26872899799979594       0.51982605146886252       0.65668755386624245       0.62348508714246897       0.65341707594003717       0.84052533859209833       0.59765577513991841       0.77667428595658794       0.83999456446657395       0.66007394907118955     
  0.94534476829785230       0.93044398519321547       0.77677539790020644       0.90992563774837631        1.0337281826661877        1.1596322241223365       0.79004595893607388       0.75465299106460659       0.75607994459218608       0.84964012724560478     
  0.28183090389015941       0.55139120350538140       0.67313138453899790       0.63614183332586283       0.67038102806892175       0.84709773699395507       0.60351320854722412       0.78593072120154450       0.84951300359989634       0.67591398753197185     
   1.2455032792736216       0.91657426732972791       0.95365702178081346        1.0487025789430635       0.92598895075470988       0.83056464988225132       0.79623307991865533       0.98652350237387598        1.0231125772537029       0.92730158431510090     
  0.29492197475347554       0.58186533802746609       0.69003078741837431       0.64798657530060211       0.68733044259840725       0.85354392605302487       0.60986340596177713       0.79582504412221888       0.85862855713816144       0.69095761457816440     
   1.0480361643365663       0.92201181834150614       0.88960653825522895       0.76642750052845121       0.89496206060415817       0.81823798516548063       0.93763216211672207        1.3022185223157614       0.97852420795742434       0.76615753507637696     
  0.30827785386202988       0.61015424251394879       0.70813553049380451       0.66016844671052977       0.70419171712165485       0.86001974131076853       0.61673970577564663       0.80492895406035636       0.86653551253762318       0.70493083736239559     
  0.84983648294925296       0.87031716071676879       0.98606855808027227       0.77693678214192941       0.86061760911196716        1.0129294865142775       0.93354933410056884       0.85545601785801340       0.99248359939650166       0.73130032847557735     
  0.32282077614050492       0.63923654520967688       0.72691358623667013       0.67297282501280431       0.72123020973572305       0.86632302098881309       0.62348737624187878       0.81389194629945316       0.87453061707644708       0.71684671861156013     
  0.70962860064770450       0.85571447029521319        1.1556227248493365       0.77126867704278457       0.94215146174163422       0.87610969129625638       0.84592839860295099       0.95735504886720690        1.0384624698562752       0.83562701114613225     
  0.33802212504443424       0.66875966118403118       0.74363461242060036       0.68561380653320303       0.73920117765627580       0.87243680010380698       0.62993992250822339       0.82303091466295109       0.88217092954883747       0.73341866951726320     
  0.84844324700903695        1.0675943821961407       0.87403065903280375       0.86774246526592924       0.93243050477169653       0.75688185797452745        1.0902921140690831       0.95213346659499609       0.98766704531946947        1.0637928933818843     
  0.35498084086153608       0.69743927203442513       0.75934024685450596       0.69774105730446689       0.75701688002201462       0.87862625994130339       0.63633059310656326       0.83254243440614717       0.89031363038135491       0.74825573395694323     
  0.86257514338838481       0.79350337731454490        1.1060259110904140       0.84676405081021755        1.0223528999185312       0.94206543900288142       0.80695449253498397       0.88684005749677652       0.91452122349876919       0.91644728277584164     
  0.37152507590145495       0.72282659680636896       0.77389283977580092       0.70968702504877623       0.77507306308684898       0.88493726786825933       0.64279929479713005       0.84235097130956704       0.89907424573720396       0.76612146177426688     
  0.93651562242018849       0.74538219567986075        1.0380095526383220       0.99696592728165445       0.77157926032867252        1.0237801677258225        1.0704984838924521        1.0999614107503832        1.0103116048627878        1.1966013253358618     
  0.38849962550556050       0.74965786699608050       0.78804325822774801       0.72181350880560302       0.79265589635583211       0.89125841749952206       0.64929991969609691       0.85212174761705095       0.90809327148811037       0.78154641317149076     
  0.83599325819672243       0.92459500238464687       0.90903638301335687       0.73269797721514873       0.84671850619685096       0.91565491789217690       0.93889300978434997       0.71010297081739915        1.0034936805510559       0.97363720111255303     
  0.40676610848023753       0.77758177394479422       0.80257759420499064       0.73492646069075629       0.80984718287638335       0.89725011299936386       0.65609077688690631       0.86165768788147656       0.91668624446352964       0.79631087903380604     
   1.1374388025135904       0.81037218097907671       0.79011482475469208       0.74697060430356454       0.95420477908088597       0.90011106255535578        1.1038793676346828       0.89214017961669978       0.80780944113639896       0.70233485237446114     
  0.42596134399242258       0.80539489314411239       0.81812644983703986       0.74793736944957756       0.82582004373347218       0.90286711521354079       0.66425145006463560       0.87118544426635924       0.92498200620308413       0.81095240978580219     
   1.0396665472936268       0.91984716787917242       0.81329706532128854       0.99026508715654282       0.98689311125609380       0.81700820263407226       0.90512252847912156       0.90958413564145413        1.3880478755442456       0.87446336781664835     
  0.44558397916399550       0.83209870696747190       0.83504962170014108       0.76249146263149181       0.83920660216416176       0.90893186742046050       0.67239150498182865       0.88026626265234753       0.93315563955067860       0.82679114576645329     
  0.89665505533931267       0.73502401313850563       0.95001210512650724        1.1127258031535834       0.73437740943691765       0.76529325059084652        1.1532601001629121       0.89433314654941909        1.4006242150364625       0.95138115163563697     
  0.46496513197829720       0.85788016638513043       0.85269909702085478       0.77486767431010850       0.85102986787456936       0.91572385598222505       0.68087737941965520       0.88970394192538782       0.94121510581729717       0.84473811725408776     
  0.97857550940676163       0.70285623861617486       0.89297089824636378       0.88482042646461168       0.86512038866174179        1.0442416175542044       0.73696151878510419       0.82409696015910727        1.0430579326143321        1.0550435323856926     
  0.48307503703703847       0.88313701916411613       0.87015758747451577       0.78542443198417689       0.86496616219820299       0.92271627654464683       0.68862478427258811       0.89922781268466456       0.94907830775487645       0.86233554316125349     
  0.78708611275211893       0.91053157684161690        1.0628711269138629       0.83212868827440145       0.77573856199236102        1.0703100861787469       0.78394900402313961       0.84364350998659388        1.2185872502524404        1.2898407495157318     
  0.50387776753034441       0.90463154469833129       0.88811870320258457       0.79646281107052175       0.88288757178045030       0.92934525225086539       0.69676756375273652       0.90850187700027285       0.95636508331713332       0.87896643123687634     
  0.67355212571120482       0.79693738649777812       0.79636324090682187       0.79459331254360555       0.82379405207545753       0.91437809766008860       0.97525073750611135       0.87459151936501223        1.5838683411210992       0.99208225809882011     
  0.53289923724829880       0.92201202967858220       0.90689182162134352       0.80767977540937186       0.90001787432111879       0.93592404753841085       0.70436323938454082       0.91883362524593171       0.96317317642504063       0.89690568950515281     
  0.89832040650486467       0.80425358411374825        1.0768546852861902       0.76044573965798579       0.74398553850950155       0.93481174733709615       0.68888623768440305       0.65056931380945204        1.4305152866516597        1.1593635860186615     
  0.56424673192387798       0.93775420091525641       0.92271347844595697       0.82331010064387067       0.91737452493830984       0.94249686088688789       0.71601829245662074       0.92918732930907255       0.96970686980165088       0.91359952539737521     
  0.85989918357094519       0.81024765432993817        1.0162581746216850       0.86068675253102822       0.93217363641998163       0.90836915229634463        1.0963913933249689       0.72947943947426719        1.1294012683496168        1.2023472007878002     
  0.60005722199273337       0.95094281253411450       0.93930957516217350       0.84096472685903056       0.93525953213300383       0.94964034442761303       0.72769283307025934       0.94045005622044753       0.97546444492227979       0.93139580863259175     
   1.0515370269621918       0.79719096536331635        1.0344352229911469       0.87053903553831513       0.80016108504689909       0.95499786310807855        1.2576135076563622       0.89085226769283909       0.97481146808163055        1.0842552077254346     
  0.66480520415285749       0.96410101843831808       0.95370541905204120       0.85931908707725069       0.95194476380891857       0.95815783712313796       0.74577448153253667       0.95316418380719470       0.98159051848420897       0.94810904400888152     
   1.0026294534273323       0.63952425517753475       0.96586109903937611       0.95239919523966898       0.98081717661703016        1.5206748898315705       0.99752428433417706       0.73235492878022157        1.5180742352102143        1.0396872469882064     
  0.74651296745842932       0.97685384997997660       0.96877433985381534       0.89371549884652879       0.96816133183919539       0.96843568468648944       0.76567837381177728       0.96621316751857123       0.98786717299115046       0.96495859562217157     
  0.91015728882523084       0.79966019181284842       0.77922519807868595        1.3167900514805166        1.1675523372648515        1.1078374402155622       0.90243167788618728       0.75565471942063089        1.0417306204276153       0.90834580292887157     
  0.85774816874975046       0.98848250694456896       0.98434147094047597       0.93292922960845703       0.98461604476592879       0.98376959740360770       0.85698939865599966       0.98262679838882150       0.99386075628024595       0.98203267939620298     
  0.88653134864727512       0.85561623467444370       0.81374413066303775       0.86577018805006056       0.89296188999336601        1.2241661919316720        1.9114972542487723       0.76703251317938659       0.83169792273489029       0.82187760273959753     
   1.0000000000000000        1.0000000000000000        1.0000000000000000        1.0000000000000000        1.0000000000000000        1.0000000000000000        1.0000000000000000        1.0000000000000000        1.0000000000000000        1.0000000000000000     
  0.89578140394476091        1.2019748244573640       0.83273506667064789       0.71429668939701318       0.81101029353094789       0.83795806946074491       0.68848465455418972       0.76049873135895196       0.81086773849172600        1.1570948272021671     
   19.421298305853927        16.232205755017890        18.405784752867138        16.082445321511518        14.596231510506582        0.0000000000000000        8.3271315367781114        12.274377043820136        22.493868536210691        12.855349806476344     
   8.9972839512228138        11.895339641933331        16.297847252375405        14.785996858737461        17.315014937204381        0.0000000000000000        12.564741402288407        10.420747581003360        13.569886313819369        13.710870561797350     
   9.4399040799311535        12.127954708980301        14.241479078507309        14.722552344368175        11.622790477870680        9.8830859463845648        13.813532703465929        21.881832152611342        10.714895036099508        12.742152129186948     
   8.0792167158002748        7.9301713130742604        15.006472937938771        15.846952319261471        14.510835386118742        11.070688779658324        15.341305706560725        10.751793366147083        20.167141307855292        12.437432183564129     
   12.216755502170876        9.2314519282704168        6.7694386294535374        12.312357565796960        9.9118017530074010        13.654651551930877        13.679558811711452        9.5177194916524588        12.299523531192259        16.040157503862496     
   12.894272127838351        7.4911868689967189        8.3833904748430133        7.1820544633771348        11.796234241811568        13.883883373653246        13.807763314454126        13.348028597439239        10.604117559976910        16.636704257158101     
   10.363232531993955        6.1302181414325121        14.288211579012811        12.178244801335062        12.630600273202040        13.932431189053105        9.9182124578274173        15.107173768487588        14.425856365685300        11.586398619719283     
   18.592049544700107        16.138245198929685        15.932412753076912       0.49341668370765912        11.139937958750275        14.448025815297802        12.503463187127977        16.134694538973033        14.741431214517990        11.880990218173583     
   8.2907660257992618E-003
           1           1           1           1           1           1           1           1           1           1
   1.0872466083571410E-003   1.0234559342793366E-003   9.3941002940274269E-006   11.764313682322150        2.3895811181512268E-005   2.4336178118442302E-008
   7.5469446025125586E-006   8.0045272614239949E-006   1.4017943219666775E-006   9.0858163922028584E-002   1.4016221765765622E-006   9.7132764281598670E-010
   5.0000000000000001E-003   13.702564955312386     
