   0.0000000000000000        0.0000000000000000        0.0000000000000000        0.0000000000000000        0.0000000000000000        0.0000000000000000        0.0000000000000000        0.0000000000000000        0.0000000000000000        0.0000000000000000     
   1.4953993580692681E-003   4.1835021402294144E-003   1.7159487162732398E-002   2.3849393775419999E-002   9.4999252915279435E-003  0.31888124555787956       0.11989989215277412        8.7458888857126313E-002   8.0606407244171396E-002   1.5072622954561282E-002
   1.0783669251204955       0.75699235190587510       0.98633400362378632        1.0177377898011164       0.72016933081515666       0.43915524107107828       0.59081359826022140       0.48104550937218715       0.69064071182932485       0.67904507018437255     
   3.1112131942969664E-003   8.8367875084771515E-003   3.1378213415584180E-002   4.4379299956302937E-002   1.7967784760101600E-002  0.48679342338848036       0.17422588069640019       0.14451373896022918       0.14643910633643409        3.1918526105128332E-002
  0.64065370556038614       0.87800460578856099       0.76070025105800698       0.96963838605659913       0.62328905663045808        1.0250762270348610        1.2230283961469377       0.85549885444612161       0.92906382086882155       0.87976823616066013     
   4.9732689756228033E-003   1.4086693611379862E-002   4.8439545813161400E-002   5.7011448958767572E-002   2.6130607990186211E-002  0.54196090345401238       0.19477520860810976       0.18510356176740905       0.19467548624814152        4.8074381687613105E-002
  0.90884257874819763       0.86536424588741545       0.83373383046883776       0.81022311225499077       0.60704552308544546       0.94569515840260021       0.76455311109904123       0.82452209228963069        1.0714127666710656       0.61264530760565794     
   7.2323411738495829E-003   1.9685715411798813E-002   6.4163731428979576E-002   6.7261340945972678E-002   3.5060347422993091E-002  0.56795468364042812       0.21138321489256995       0.21823622548355254       0.22958869534397963        6.4850899727549843E-002
  0.77378201191201335       0.69261029256240447       0.59808268463062320       0.59001326802296739       0.74019277131154060       0.75186681587331838       0.98658102289280858       0.59998132256389636       0.67612764936799252       0.93881409059837351     
   9.9628567023828836E-003   2.5532267293770932E-002   8.3280464044446556E-002   7.8703191343081791E-002   4.4731523907600067E-002  0.59135647173831740       0.22339289959440112       0.24896234191736225       0.25722527056337396        7.9393522424376181E-002
  0.93306108187544312       0.73858585123403153       0.90632949773432847       0.79926505710511719       0.81391488594240846       0.94872617893282807       0.66454970145873493       0.83853832920637794       0.87533953908272222       0.68642830024193568     
   1.3056444110063490E-002   3.1691032686095924E-002  0.10216862733230207        9.0001396314056015E-002   5.6160530450914077E-002  0.61134062294494596       0.23447093375652822       0.27695897476459835       0.28252309486423449        9.4371477718492164E-002
  0.76275103890503315       0.75826317840373836       0.71975001892981716       0.66991063657754646       0.67023792595449050       0.81425866751984077       0.64600804227094577       0.89644409846607043       0.71096921254508028       0.65994949051055307     
   1.6445844209853792E-002   3.8417031852592744E-002  0.12090039282212117       0.10114373813234934        6.6629078179474485E-002  0.62893681369954035       0.24360605395204923       0.30206430663361761       0.30686137907822114       0.10958663531033420     
  0.57589895201908736       0.58912304707653607       0.63582723756163850       0.64372959563204057       0.90362635262331314       0.93494217156126347       0.65481940290973728       0.62852650401482757       0.67965460941239575       0.87303583359512771     
   2.0041033454311317E-002   4.5188000898044811E-002  0.13920893919572166       0.11123970761683293        7.6776586603086408E-002  0.64387210778055748       0.25239836790104270       0.32627175841232864       0.33202816025826881       0.12387986161820075     
  0.73251582437823615       0.65501412645940471       0.78874012658738779       0.80600867199523407       0.68835662883508231       0.67198496295277854       0.72099734949387262       0.89622921716387172       0.68110569968438328       0.76285618359354201     
   2.3806130833969531E-002   5.2033194346674312E-002  0.15724472992877017       0.11981708317962016        8.6590607665915753E-002  0.65749747979805173       0.26037393996058328       0.34977137267993647       0.35306574720050349       0.13702208657674911     
  0.74101784541437299       0.72118211501935536       0.86478088715626655       0.63797741772298222       0.69710074748613127       0.80967232426558244       0.87731068995705686       0.78947405884337696       0.84372469069766587       0.75486645351888437     
   2.8232049946546454E-002   5.9626689094229135E-002  0.17449646669799160       0.12823319698652078        9.7017611678932456E-002  0.67141964871047166       0.26823687737451674       0.37252509786789401       0.37107897173521520       0.15046583304103378     
  0.92883973858992097       0.69384161833776981       0.79247851766613175       0.59569014243905405       0.76046122951223405       0.94767351434378444       0.81907471789996544       0.86466868353511117       0.68204492343661327       0.74421754658308337     
   3.3437748496140181E-002   6.8004136331413070E-002  0.19066313554024697       0.13710024427126341       0.10813427061294144       0.68529653440493876       0.27628258042161224       0.39427645602265210       0.38959678716161361       0.16512039366285075     
  0.53899221519438367       0.69550174842333856       0.99803072588061403       0.64691944632677323       0.67441974999398602       0.82155220881365587       0.71296489545411190       0.88569748693636385       0.74861122857446327       0.66874943596930447     
   3.9024650020607246E-002   7.7790287026650029E-002  0.20662519573708657       0.14883719373105486       0.11979184687906851       0.69745873736151565       0.28416184200564965       0.41371698117200195       0.40422426286656693       0.18036882105948707     
  0.73691871127986486       0.69743945823035502       0.69520761223144889       0.77794507335780172       0.94813736696413153       0.72461859936680340       0.67958624556078551       0.99212312866778118       0.63217196641645190       0.69492905460101351     
   4.5066841481271422E-002   8.8962602038816493E-002  0.22246841592390371       0.16265079226840842       0.13218578346028206       0.70806184863059929       0.29129223005240451       0.43173732858108144       0.42245353586219958       0.19605800725228958     
  0.60868486683930556       0.66737285672800950       0.53928675460356945        1.0042279997895307       0.77161331026198332       0.64970231482603547       0.79010261841303742       0.71376955550244159       0.80399340891385362       0.85732103878289001     
   5.1872923238286621E-002  0.10016579747438281       0.23805375848054169       0.17544849973467444       0.14568635269496244       0.71809401263888739       0.29752952989556947       0.44925266845018053       0.43929005432336621       0.21234503106628166     
  0.65102528637602686       0.60241921473537130       0.67620750601201507       0.76438950904665959       0.70509859086356041       0.65646040609068312       0.74932537824511380       0.72165536861807245       0.76264138358140143       0.72922922056341355     
   5.9850621557261258E-002  0.11036433261669851       0.25323400479679165       0.18794748057068181       0.16008184037707054       0.72764454529616518       0.30363242140961610       0.46631364025480565       0.45433283376525163       0.22878831480024742     
  0.87814144085229839       0.98650910476190168       0.59231500162047601       0.80649454467177506       0.78884207103408910       0.80331831204621307       0.68878835967427143       0.79618157810717882       0.60490615738948861       0.72992750688056052     
   6.8373171792141182E-002  0.12049653052338416       0.26861235092862323       0.20038909384109652       0.17519268693714998       0.73618069352295912       0.31044115856713189       0.48132379293097000       0.46912841932985044       0.24483281356360836     
  0.77931450674303593       0.60964222525448608       0.62852087917867427       0.80856298936513527       0.84935266401024401       0.66925332193025577       0.87409457145906944       0.80158793402709461       0.58343257167275442       0.70016596328398961     
   7.7323551118221631E-002  0.13154618934127288       0.28373108225293281       0.21329102738745898       0.19134645154604749       0.74469743920095821       0.31823715096376354       0.49492715299869183       0.48359056586128990       0.26060071025974474     
  0.72703371174822573       0.72377654083977794       0.79945812485653289       0.60768827303860395       0.82563206740795358        1.0721115313781737       0.77156629765889850       0.67055262560664886       0.70914215649900980       0.65656814698221821     
   8.6784900703138657E-002  0.14333028518049060       0.29885867670125055       0.22567139848633880       0.20718010969298023       0.75287708639966266       0.32620527596075810       0.50846831906043877       0.49790017732039221       0.27615555807520387     
  0.54288328697737809       0.79408839553498090       0.62089138058843740       0.77555949019433967       0.76341083568250157       0.66671227059905080       0.85766069069833439       0.69224510199331313       0.77168575208675216       0.63649046379844587     
   9.6129853724537154E-002  0.15455630473804569       0.31357087949849655       0.23797375309831117       0.22354207040315446       0.76154143486591241       0.33321842751346681       0.52128252499689398       0.51335355202840738       0.29027688520060646     
  0.64698192020949530       0.79536512635658030       0.90619912533247371       0.77810603297176484       0.69674281128877846       0.71203311354914833       0.75821330239803431       0.79441592265096983       0.66733138786762647       0.79649254489768784     
  0.10602032838906164       0.16531515312782194       0.32730299378799016       0.25021316993131687       0.23997374412096598       0.77032164326635910       0.33938865773339438       0.53374314831205738       0.53014911250658159       0.30345434240152414     
  0.66389291553705210       0.76147646355472254       0.52116494672649383       0.91016390229991972       0.76183604304551011       0.92867499266167364       0.67921882721414317       0.92091356018023940       0.78986966509552115       0.68677703616451014     
  0.11714411307112089       0.17725770617678430       0.34303759258532296       0.26356394521008902       0.25734225987312603       0.77887949651678146       0.34570788074546116       0.54692054652820687       0.54701457514858010       0.31471232488255929     
  0.63606759039576888       0.72744756303777514       0.63548138245401908       0.69618161548872448       0.78027270405106486       0.91042007030617744       0.64322744056473313       0.78699531910343867       0.79625136270051533       0.62134014247523039     
  0.13099607353905515       0.18910724962684305       0.35993226469783718       0.27722630381422181       0.27672203257806555       0.78656330663627694       0.35203836013706125       0.55866153870067203       0.56225666348586445       0.32758397769440545     
  0.86950375214623321       0.78807466226454059       0.69540996947262379       0.65186093520288146       0.66706552443747014       0.77057214111645300       0.72838425089163372       0.84721051892666810       0.69526087106691159       0.74642186274666411     
  0.14719901743754973       0.19921972083984849       0.37652549257077689       0.29095552990886103       0.29704870147912316       0.79283779063433690       0.35789136219497120       0.57037831403059980       0.57683056764026353       0.34322424663752432     
  0.77577222234996090       0.60927089278181235        1.0791106097218763       0.65231676329880495       0.88956868510678688       0.57837186101001603       0.70596458972784926       0.77800395463843575       0.72524000114102594       0.67299665202534253     
  0.16157405249512946       0.20918252810809995       0.39298380952468293       0.30273185561912530       0.31709002328190528       0.79822604399480512       0.36306143042367373       0.58212359375911038       0.59164381030203150       0.35975086661679812     
  0.65333917122428153       0.64041333296217806       0.84986942578443736       0.63156248693732331       0.59226702689692701       0.66594171905127775       0.69875281516441978       0.71051286185597629       0.55361933382871897       0.74097586197150722     
  0.17448872757057632       0.22004659860291523       0.40976459279500532       0.31348476260621294       0.33826243290624836       0.80354990291102613       0.36896781170327675       0.59343629831071165       0.60723658307034223       0.37619931292308623     
  0.75838339504320906       0.70047061345348272       0.77217269714450409       0.84552964294930899       0.61841380292130266       0.57569760688578742       0.65589537866125402       0.64345859782644266       0.70462525798391107       0.79318784147254762     
  0.18890652943949429       0.23281100144545108       0.42716215413223269       0.32385193792966976       0.36059148224990589       0.80870312434023339       0.37522131307730022       0.60512464882256911       0.62227982058325293       0.39118599004392457     
  0.73936882049026875       0.90694232237386130       0.65110710554398743       0.65110800396438973       0.65559148225719444       0.74970120890718628       0.70192723363527965       0.73944126246845254       0.66515392136295504       0.64131844918454617     
  0.20676706000285230       0.24519458799066757       0.44547663800711412       0.33496142077165464       0.38528462460384311       0.81350280632590644       0.38243641459169486       0.61666871223750197       0.63627099687478916       0.40630941260602194     
  0.95184783168270659       0.71806750427389876       0.62270272706740259       0.58789446092325803       0.86484801017432844       0.76175793174166750       0.66786024878299144       0.72104894253843443       0.61852090855016451       0.65863621997914978     
  0.22551423970711029       0.25795458858269193       0.46426446986975639       0.34790076020499788       0.41310141372724279       0.81851940878510310       0.39017306348432174       0.62666339980530283       0.64956724814730005       0.42152669903966267     
  0.90464886338495376       0.67828493710162363       0.91393615335702327       0.63630105296380768       0.83285810219043577       0.71970092580184053       0.84358297212505473       0.71438579851135009       0.79872953874182784       0.51850228329342596     
  0.24376386592475946       0.27221886564715359       0.48243832320374530       0.36037435618652414       0.44007372040937981       0.82355608899540167       0.39716141784985048       0.63583762143469613       0.66236632842207799       0.43666529781727531     
  0.64553963434890516       0.64814368820421253       0.73742308417844515       0.60558068700406675       0.78380260255757395       0.63402795097866527       0.78004922971109703       0.66418644072552580       0.93429133589021285       0.99998090638688975     
  0.26343487735235016       0.28722836789146727       0.49904469975158144       0.37296018225590943       0.46634228499525560       0.82830152560822545       0.40366360470371687       0.64560488309108799       0.67590559626681046       0.45205831916725642     
  0.93692933804802458       0.81005453224909796       0.72987324032478040       0.59295600712050145       0.68239487729322557       0.59414732898396694       0.91123328665995973       0.64415652045635474       0.63227887122916093       0.88940533644868947     
  0.28602917955696994       0.30209203483899943       0.51448546649572036       0.38563456008487601       0.49307093944764996       0.83302963972610455       0.41026757424813914       0.65634058620505964       0.68976085559279221       0.46695367110784930     
  0.85207199750042695       0.74079648793319242       0.72670216973189428       0.66565047716920933       0.69261504741946922       0.60182347776893674       0.57294854282444485       0.68194712030071514       0.74867930831835838       0.78991355870235358     
  0.31111143380191886       0.31827720499752060       0.53173641771116054       0.40014133212693959       0.52148255909707508       0.83836347611054340       0.41638209199068293       0.66690000385570170       0.70360984682463346       0.48217021120967446     
  0.85137264664203982       0.56468918519370737       0.75717385929832337       0.66458866331202704       0.70333539272601164       0.66582028711777697       0.59109124477746544       0.85571568356247429       0.79517033153513417       0.71312656190027734     
  0.33707164811989981       0.33358371338346149       0.54868177930546458       0.41579764269069630       0.54834103626393038       0.84375653526593752       0.42310523895274410       0.67675571654083133       0.71623747780072844       0.49818805637044067     
   1.1191833913346005       0.74616468874766129       0.67470875220323989       0.80946493831437960       0.71925381705076341       0.78280630005163276       0.82106589694797849       0.60133510405127710       0.82780904829825508       0.75327790399894357     
  0.36144689138428271       0.34976716317099771       0.56611959236845777       0.43174252752214404       0.57392121938575680       0.84833988583189968       0.43006431690008584       0.68685450642631840       0.72681460708913537       0.51544622979702326     
  0.78079113392987576       0.83889239270542482       0.87052971402320467       0.89339159096814402       0.69189120715919061       0.60866385090106589       0.84710698839476573       0.83709522475940201       0.64031849606837210       0.88932785292622296     
  0.38374182158160658       0.36716257640338484       0.58247686069935345       0.44820937064944077       0.59619987200942304       0.85295509698108796       0.43683726893613095       0.69680893659909338       0.73656528404718191       0.53321008885129095     
  0.76798438606632047       0.90130743148663262       0.65395407619635326       0.68314153459493454       0.54866667029595395       0.62805174858893886       0.82334502808773413       0.69692619474392670       0.62641787652044945       0.80220174253670185     
  0.40681465171458747       0.38405869138253995       0.59597343716824003       0.46523558914140190       0.61778331670883091       0.85787149759891579       0.44361118368381147       0.70658162664116375       0.74616364484759801       0.54919081654557611     
  0.72514830568643784       0.80089059865938683       0.56854580061867810       0.67540047131854208       0.64669667701314870       0.59485522927569356       0.85271341436684767       0.56107030746122033       0.86666898669716330       0.70283697462789119     
  0.43033119776833939       0.40159116563415859       0.60672168113720726       0.48088515021915751       0.64103736064551031       0.86310927235641899       0.45053915583122628       0.71597548724421356       0.75838475888593460       0.56459897736934850     
  0.75873552386314280       0.69945847454728538       0.58233367748321452       0.92194606923926714       0.56698322934506051       0.97303237741152482       0.67989829548217973       0.56385724611456978       0.81025341591936606       0.64337956252759820     
  0.45492247891686605       0.41845423280641286       0.61786445029464065       0.49438443121282261       0.66268567715014448       0.86849256995697210       0.45763663156216317       0.72539017010535134       0.76932924087063104       0.57933354712442930     
  0.67768103426281079       0.75404970478251820       0.90593428345145632       0.82220194896257648       0.72818369794418125       0.67220149591934408       0.75295819394092989       0.70984332873561329        1.0115083655497208       0.82555935410641090     
  0.48231150991815092       0.43589113186580319       0.62978985113623398       0.50751846528131139       0.68117399912876986       0.87371694824081503       0.46461209385067265       0.73473957400118950       0.77868116210511373       0.59448769469809182     
  0.59291109024896460       0.65698270822669858       0.73617119309914369       0.67941080016093380       0.55675490647065840       0.91751716136748263       0.69500362960039352       0.74883345902235066       0.55432980482088590       0.78216785830648583     
  0.51099130350847366       0.45430460211687657       0.64252304550594697       0.52133626086531148       0.69866037979863715       0.87888152083335869       0.47129146423655494       0.74414919504625698       0.78849020362025157       0.61075615539173989     
  0.90556208129770777       0.71240715984534386       0.65205506612459307       0.65203137733745298       0.63520579066937588       0.74170492891876794       0.66772809296277713       0.88921408723575912       0.61898394472212459       0.78286103892453029     
  0.53933911976721105       0.47409739831462655       0.65702885553427703       0.53641543318257889       0.71722785318157412       0.88402080785612525       0.47716758746027182       0.75384890573021224       0.79878557402029138       0.62628385187062596     
  0.87269517490064330       0.83613180738495319       0.70490537230036998       0.98762541378090718       0.95629412373915579       0.62875568595817410       0.69820650089694269       0.76629536286774913       0.78323180610215237       0.66821885588083862     
  0.57002056770421150       0.49221392047935070       0.67296813312936221       0.55293641083853262       0.73865320904451381       0.88898484839754632       0.48331742588544457       0.76373925413717247       0.80970376886929685       0.64074260513985859     
  0.73706001555702849       0.68361757924239241       0.54401023679284777       0.60523055366293699       0.85983488314870693       0.78096094133436655       0.72877154048211457       0.59082397288243871       0.87328310984087754       0.76599389478846303     
  0.59940378169275221       0.50884457376178516       0.68953559471214332       0.56979638060493698       0.75757887828859272       0.89370770543302802       0.49021327455504532       0.77345761449819594       0.82022446770069157       0.65547644604808653     
  0.80220320557766589       0.77927075418610658       0.95685116466328746       0.75375275274988041       0.69118076846540832       0.77997607304399030       0.83000847914651132       0.83225692463107481       0.71112715566887119       0.55724733993308329     
  0.62910407222803877       0.52718516789810266       0.70609326800930827       0.58599730212251011       0.77149094289644904       0.89833445026103975       0.49777898703960233       0.78271267632865382       0.83007459376461901       0.67218449348062759     
  0.82403647933529189       0.78760403934260004       0.70324524090742746       0.77519517953428962       0.62826615483185444       0.64638043513056809       0.82627189631217590       0.72527594541587470       0.85156248152983360       0.87819411533163583     
  0.66038617464887450       0.54660093650274033       0.72362303154419771       0.60247150914198189       0.78558996482160937       0.90284855789998830       0.50603844140968357       0.79140625082938121       0.83971688764952224       0.68951570254575834     
  0.67240642595134126       0.69278654227582182       0.84238343455897702       0.97160738113396150       0.80329631380997124       0.67329007265059593       0.52637568765306386       0.83384135126097325       0.58942096503904728       0.79740069986458817     
  0.68831998474113587       0.56502711809456985       0.74145593067467397       0.61921347420844874       0.79967091020335146       0.90710848467575023       0.51528944737091231       0.79975928596771007       0.84924750538209159       0.70706017550431399     
  0.61024154318370372       0.67733983044583379       0.76515059837388599       0.63343956971777449       0.60454539904875138       0.80343969477396249       0.70552477069106034       0.55778475075380751       0.85368175530820067       0.77773728979945744     
  0.71200600489901544       0.58477799579602685       0.75881673587480580       0.63593242897028457       0.81432097464293318       0.91142181616128237       0.52502200719727332       0.80832157334958521       0.85841367271606672       0.72319995394980652     
  0.73730883286743520       0.71280050284183394       0.92207516460648786       0.82309191217908384       0.68890032499899390       0.62881095089956263       0.78518620634487868       0.61337960845254424       0.73809908971691429       0.75503162027515458     
  0.73632985235343673       0.60337399723769103       0.77463063860133474       0.65404968001782682       0.82903897081988942       0.91553990456703505       0.53492534561690885       0.81707560584781835       0.86768435790642473       0.73915429339036132     
  0.77105693556763943       0.95615484652419092       0.77071527537491358       0.59413913462804779       0.69052289420863733       0.65321118729344185       0.78927627346681239        1.0252114382266446       0.77891960291183493       0.57239129120531673     
  0.76245607906945212       0.62344641926430777       0.78765589636406119       0.67191902039855234       0.84310776491624961       0.91936030289204274       0.54415261291394612       0.82669326694068712       0.87724286240856852       0.75577162783590623     
  0.73269579050254863       0.85466571764969268       0.58882051083452769       0.68804026192961965       0.88324430396299258       0.69455539936457800       0.65000629601659610       0.58010771182103871       0.70384458181272824       0.58310732628913109     
  0.78959155189966812       0.64237657733105846       0.79934969821544188       0.68926350660431834       0.85657860441343137       0.92335000557189228       0.55293458408524276       0.83572444146689928       0.88622975955808236       0.77317790330855818     
  0.67799287188110491       0.59894782540745350       0.62770926605296995       0.73027508523848794       0.75798403978178341       0.60786294996829093       0.69929248286237500       0.75733490236112155       0.67284746271646634       0.71443885453733247     
  0.81613142193396704       0.66135500147805537       0.81142254512265299       0.70580071907597763       0.86956163053620983       0.92750537218817697       0.56058745024851409       0.84386611447182813       0.89529645630239341       0.79104697993303252     
  0.60032756645518182       0.84937123245733792       0.87966308590892139       0.66143210595172408       0.74904028350980867       0.80055509989150420       0.83557151426283149       0.83535965060101935       0.65926407417969324       0.81109244444446915     
  0.84273807141510670       0.68118272132932722       0.82477984222574086       0.72248172607071026       0.88089424807962036       0.93161920448711255       0.56789193623398637       0.85323981962193962       0.90382209096656729       0.80889998528337093     
  0.72806259425366515       0.65089148957121290       0.64466498894079172       0.63636087584496748       0.73945703848006994       0.65105447116944037       0.67992308598755358       0.73093517661493823       0.63414900968328314       0.79391517784679233     
  0.86660750341849913       0.70070425499116273       0.83836166901259124       0.74085121755074468       0.89156354594244458       0.93571167939966093       0.57675386871516277       0.86291462881946446       0.91180864341183143       0.82668023117009615     
  0.79320093780935752       0.59662708200214276       0.75730824288276788       0.90111910520058180       0.86357998154305593       0.78206881103326498       0.83413673196371985       0.73367918559104228       0.89096373786567540       0.66764115564897153     
  0.88819521889163888       0.72230724684680991       0.85241941863053605       0.76035854261425373       0.90226553205178495       0.94000805601400494       0.58705995078166395       0.87239278051422064       0.91951777541588253       0.84380203728856329     
  0.55819266178612204       0.69501506795104551       0.66997507077103047       0.83049560545349266       0.83497145780919535       0.58703876275097311       0.62223848449650243       0.58930189908157482       0.95356202808440271       0.79461790022425793     
  0.90674775567587973       0.74599388389027055       0.86623511086331495       0.77872939311293587       0.91350712158153424       0.94420916083267159       0.59844918079913778       0.88199237085569815       0.92696408986455059       0.86020462298741884     
  0.68985375381815006       0.97645050747087936       0.82565975753379617       0.82916827968378792       0.70502176277731587       0.57648808214779479       0.61646659022567740       0.71764210308437859       0.66380261068275692       0.76147233259262159     
  0.92184211884079215       0.76968810249156938       0.88198161751819815       0.79707673452984984       0.92408103062756985       0.94852708905208005       0.61102880765583722       0.89120365116877132       0.93405267908393086       0.87640207740744769     
  0.64705487789634220        1.0738718316348108       0.80122841243734222       0.64639937676606096       0.71957542663110985       0.88236199256036973       0.64727795247623487       0.88778101824144695       0.82775914437013554       0.91985813541355210     
  0.93459991342801652       0.78958194911562340       0.89814832330995942       0.81744303155835296       0.93377561873649007       0.95342121956556802       0.62467073055496192       0.90085431455212528       0.94168958223271482       0.89213645123741170     
  0.55512741416749178       0.63277003094003204       0.80895262364593945       0.77398298283674671       0.84275538251835391       0.98217228078920427       0.75762152065578392       0.66104695345315945       0.76295386156657063       0.59224442832918478     
  0.94647659180707910       0.80787125747609256       0.91591769553010072       0.83855660375008878       0.94336726947495253       0.95859966984355627       0.63816151870322235       0.91085226912149164       0.94977320607816518       0.90793885924165096     
  0.57471321061603398       0.49619782587816380       0.88729297723001432       0.87775355765439922       0.65135767211903495       0.64180856476843418       0.64088487856418941       0.80125552775194941       0.74923559046509680       0.71505981628464699     
  0.95790574450041988       0.82718272285161609       0.93075180083296916       0.85949454183555574       0.95296122796969240       0.96375877290349810       0.65247838804654945       0.92120885023915500       0.95907569175234975       0.92395812419683010     
  0.63219965601622607       0.65251638013234881       0.70772539827007563       0.78198363256920977       0.97096034681328147       0.65215919506948439       0.65615845610514389       0.65452923959082854       0.71465388598126023       0.83323515429145545     
  0.96873146700218737       0.85039890292302067       0.94645700921737230       0.88119019345261762       0.96202121453704625       0.96886113306673549       0.67021351802834139       0.93331859129153205       0.96761403252801093       0.94016027551696446     
  0.71278787374692187       0.77572905659351277       0.71233929246733063       0.69195133216835270       0.68886025906746939       0.90831259361475225       0.75040823457400707       0.65617155075506928       0.78801124393119637       0.63867004808267502     
  0.97900151310324035       0.87854489536036240       0.96148063805411255       0.90561974546745905       0.97105526047671553       0.97412686782601354       0.69421656953047750       0.94640828514326347       0.97561639963214053       0.95632911008412191     
  0.82841654331488002       0.72026353373122720       0.64721511220962802       0.78058322122952206       0.84368420586390103       0.79870377144201576       0.94235449032722463       0.66391636754371663       0.70441051874098370       0.71717269583304843     
  0.98731832752602700       0.91066444999009122       0.97493407877061677       0.93218789182510131       0.98090029582294513       0.97978957881344575       0.73471508124823315       0.96155684609586156       0.98328280243319399       0.97163772316173957     
  0.69331609793761184       0.76664833236834584       0.64780804249887269       0.70019975424746506       0.72326911534558369       0.73804597593891530       0.74438382549653614       0.77515694708929117       0.64413700073640623       0.79134625742526421     
  0.99385693989241874       0.95152686322256674       0.98763350101762459       0.96411539648460620       0.98993977027837776       0.98816402043392582       0.81513421879187908       0.97936675539801987       0.99130280015759920       0.98616710840402333     
  0.57069676200291375       0.80441588863631053       0.77317722683319645       0.70179624128531437       0.68840571148470653       0.84995039982865439       0.74696431632721116       0.60993948824854982       0.65219419924637767       0.74549496560180140     
   1.0000000000000000        1.0000000000000000        1.0000000000000000        1.0000000000000000        1.0000000000000000        1.0000000000000000        1.0000000000000000        1.0000000000000000        1.0000000000000000        1.0000000000000000     
  0.68414595428596703       0.69058814740160579       0.58491545011904400       0.55619185816373373       0.76415218431128984       0.64535517741977499       0.47687731875536682       0.69682843171487163       0.57059541938165315       0.64348507452820880     
   20.303780362519337        19.685238924119194        10.291157057155806        14.429872893576572        15.848301179761110        0.0000000000000000        14.817336046732509        11.103302312192552        10.895864453604016        13.075387820405014     
   7.0502446595019910        15.449683653068080        13.047099667206604        21.232273310822954        18.882298318675378        0.0000000000000000        16.199398757571227        8.3407375231115850        15.224343594909378        13.218755623160733     
   7.0965891904845595        11.250579601555263        10.259994279550485        13.693409850128276        12.925004188361635        13.533672040034533        13.042905867970646        16.892336308916121        11.468003358655103        11.517449778537690     
   11.159027607859390        10.708579397565099        12.617654457959986        13.249946624665757        13.469790011594354        13.690073400535216        17.457282449272185        10.807654914288879        12.047221707506743        13.666373497795242     
   7.8315920482575088        11.412956486991934        18.546350249617547        11.756261218822289        7.8611743688192082        12.475757233866632        12.781776236798008        10.262839247056394        10.308487658592114        16.524193826252066     
   4.4641154065569548        11.100221884615468        12.133354435194841        4.7197025599653850        14.357242690092580        13.212141003916063        15.137478393996240        17.660712542112584        11.110107676661739        12.087979406914359     
   6.7880511048111130        13.968714247557168        18.147641782115127        9.5112388945445794        14.149196951798864        17.535436786402549        7.8228167702441347        14.933097821662669        18.642404428121591        18.410706550677279     
   17.710224565687323        13.903499477274380        12.949836378045292        18.014374009231609        10.313410748814031        14.502721919564966        9.6662864318796817        13.992982242129166        17.156831450235785        11.976769234020955     
   5.7125178276565508E-004
           1           1           1           1           1           1           1           1           1           1
   2.6080022978770758E-004   2.5093790340968204E-004   5.0136060003927024E-007   11.244302919226692        4.6053652571037154E-006   5.2125760335734013E-009
   3.5670743524528973E-006   3.6051313752876037E-006   3.5446814422027474E-007  0.16129151938350117        3.5429283523278524E-007   2.8512680203928459E-010
   5.0000000000000001E-003   14.814663062760303     
