   0.0000000000000000        0.0000000000000000        0.0000000000000000        0.0000000000000000        0.0000000000000000        0.0000000000000000        0.0000000000000000        0.0000000000000000        0.0000000000000000        0.0000000000000000     
  0.22168693191674821        2.2741579295635249E-003   4.8359199687402236E-003   1.8603468304123925E-002   1.1766070389996493E-002  0.33495209919532082       0.10052981546651195        9.7607649808043609E-002   3.1991490461648647E-002   1.4868746975522490E-002
   1.2367049621118342        1.3577274004611437        1.6408353558895692        1.3174898997641609        1.0382648300611048       0.63790065309950694       0.88354882407297630        1.4922410382589844        1.4055519021503160        1.2932117401871426     
  0.31653302755603108        3.9758106616798270E-003   1.0121717471142693E-002   3.6112063889900438E-002   2.4731690496298218E-002  0.49403213929595052       0.13383315894963627       0.16364053972881221        6.1477818432927947E-002   2.8032951068843286E-002
   1.5087303523981708        1.2758140623789516        1.1721712632680621        1.9510178896136969        1.0717409263775268        1.6759569505064249        1.4295973237811128        1.5982408078170294        1.0776369529879719        1.1359602511741702     
  0.36921891942913265        5.5817283876678945E-003   1.5480803763957976E-002   5.1065291131703709E-002   3.7780047410477260E-002  0.56598865043924651       0.15427635997386449       0.20455415062022209        9.0248637582283950E-002   3.9994688707815328E-002
   1.1230204306887439        1.3784175963008316        1.1705673305157851       0.98020951226844899        1.2562130733684214        2.9567659124583838        1.3710826456157306        1.6780128452433554        1.8245994448072955        1.0284222959740787     
  0.41150516225037048        7.2725059485906794E-003   2.1052394625888812E-002   6.6799722802495284E-002   5.0012490871073102E-002  0.57862351497406173       0.16987253004553549       0.23646361870464175       0.11926178561127579        5.2179481596733267E-002
   1.0847018015988463       0.93427705025385777        1.1691666256711488        1.1906024232982295        1.1486635718957336       0.86194338047356622        1.2322993183403179        1.7829195661214230        1.8341390713032766       0.84272028089782414     
  0.44228193674836452        9.2138115857546433E-003   2.6874798972965425E-002   8.3330053687979369E-002   6.1609585487991413E-002  0.59665765801343262       0.18402070616049532       0.26377908528781419       0.14865104341452628        6.5274831349421150E-002
   1.2605626438224493        1.0092415032495066        1.0873003467548392        1.3644505620520153       0.91206914248952253        1.6502897612977281        1.2869165226929113        1.1738166883560599        1.9868899314905126        1.0500317565322519     
  0.47033510372827758        1.1508575846179647E-002   3.3649653112639226E-002  0.10126747940943803        7.4898412550499269E-002  0.61233341386316154       0.19655960788263616       0.28855549734168168       0.17544227637088006        8.0037730415966638E-002
   1.3061832222126455        1.4317861543645445        1.4816619840218113        1.2819479327247916        1.0227648842668147        1.1673681025396754        1.5051308688006604        1.3474073691606154        1.9941183803406100        1.3483034785304473     
  0.49166485252185765        1.3977263021466789E-002   4.1554110520617332E-002  0.11933816200013973        9.0972532106137538E-002  0.62819489872256451       0.20813523052646515       0.31238008162188879       0.20123185032766405        9.5671498226826607E-002
   1.2231177556933623        1.0459193201743515        1.2813135035567640        1.4458215770079359        1.5279573795607855        1.2509675117007431        1.1668072308051070        1.4662773180413597        2.0107641068466284       0.97665002494614250     
  0.51487062185417598        1.6689695447837181E-002   4.9795467616672216E-002  0.13590061093333153       0.10694002043235354       0.64386997866724993       0.21897134631949833       0.33463095683286759       0.22842335222598417       0.11239090467157772     
   1.0432661431813584        1.0772974601022256        1.1564476847387415        1.2988908307684792        1.4885150773055711        1.0907277659267929        1.6109085815230344        1.6991879764864548        1.9147260387152567        1.6677891992149920     
  0.53855059214698475        1.9567974962320198E-002   5.8196442624672780E-002  0.15043388011553477       0.12210758218589640       0.65744933972063635       0.22903053299077447       0.35413500752830684       0.25520079687521230       0.12927904213407879     
   1.5937821310945361        1.1397609014461263        1.2246030893570830        1.1361897991996230        1.0724687284512757        1.0853575326721592        1.3099691341912185        1.4192204998197446        1.9437495381856407        1.4053581523209315     
  0.56084270680666137        2.2506706396569601E-002   6.6960226850138360E-002  0.16475527708723584       0.13644299187085338       0.66966658534766410       0.23822384782718825       0.37184690182816543       0.27720858895884670       0.14567818187104165     
   1.0319205379550009        1.0017127220609623        1.2702702252308313        1.1819477699881198        1.2739775990933024        1.3159591254405985        1.3588265958930874        1.2557228461308054        1.5547306554552838        1.3765217416001490     
  0.58134823426516413        2.5551057433605421E-002   7.6388927431251447E-002  0.17842196132206303       0.15126899730120530       0.68111302027355536       0.24663427344470407       0.38866564144415922       0.29603123376586499       0.16122956967071800     
   1.1887293294999624        1.3011568300176113        1.0781450955636291        1.1719086406458312        1.1901189674898760        1.5880529731007862        1.0944789212464938        1.2158473303124258        1.6537980572907121        1.4253503232702653     
  0.60014453503923393        2.8664414524703034E-002   8.6747745590272290E-002  0.19499944464303684       0.16745444253308506       0.69178377615096232       0.25426210698159268       0.40662782305402090       0.31297054698688137       0.17820419329598711     
   1.3549661598653651        1.0614013838929734        1.4210274833900205        1.0144723033303762        1.2489951734051645        1.0040739847594526        1.0709723001125691        1.0997850095342072        1.4721859816480500        1.0022695506630177     
  0.61672522569838029        3.1916465274483982E-002   9.7951535058407702E-002  0.21038889525848722       0.18467517570851971       0.70258408056707833       0.26130513491542806       0.42545203652265656       0.32941030199982835       0.19641327424074614     
   1.4185044157678797        1.1902618487897403        1.3679618155518027        1.4653827015792620        1.4512947040587547        1.5285516145076519        1.1968269953020907        1.1777276891263426        1.4414447579875791        1.4855984437564822     
  0.63151187674446785        3.5363129485850825E-002  0.11055415221420105       0.22508629313230416       0.20191052816991326       0.71326298625245155       0.26824578078266587       0.44273286419995095       0.34662764841681298       0.21490550671040826     
   1.3520219975810199        1.1161157496311951        1.1458805200443223        1.2843098431310054        1.3566764493529027        1.1749803826481573        1.3248946251111260       0.97296462108163739        1.2144992913834993        1.1125381981489795     
  0.64450463964915294        3.8835091475155598E-002  0.12530978030362294       0.23994817691746245       0.21887773902834812       0.72365465387064654       0.27521697666180212       0.45834966580772113       0.36300917752929945       0.23342834383857089     
   1.0520682558275960        1.1751391810068634        1.2338700175337771        1.1697027411862559        1.4030923727058888        1.2530200171238810        1.0984065267309364        1.0232390605317894        1.2366985094220211        1.4260542482072047     
  0.65775376486069892        4.2410639999331888E-002  0.14204163062661196       0.25648248657436867       0.23549499468596613       0.73233206529421346       0.28233864221140342       0.47273330501786370       0.37900368797129891       0.25145373022612166     
   1.0888634121207059       0.85951645434264801        1.3843875291391332        1.2543713984548364        1.1764342571477930        1.1591658479822269        1.3501748717431157        1.3059491619407191        1.3886944866669824        1.4352951063306152     
  0.67064145187332314        4.6171622706849727E-002  0.16000333936549230       0.27374223108326318       0.25178774434394080       0.74037266793082901       0.28861739228021321       0.48687118000649093       0.39612942677209856       0.26824046298424115     
   1.1440605600844294        1.0672898206913697        1.3634492346149938        1.1087884903627130        1.2336651816384945        1.2447623424060852        1.0182934472235563        1.0656604659866939        1.3962280541942449        1.2170422724047869     
  0.68419733415333428        5.0151938422393322E-002  0.17891318753437027       0.28920468227115248       0.26826200908921893       0.74814509811179475       0.29447537625024578       0.50135994546007601       0.41392198972364108       0.28405735612324812     
  0.84211707777747891        1.0897727438430493        1.3470040436599799       0.87465358985705266        1.2423067427319625        1.2406812658047701        1.3816457291038742        1.3271008998515630        1.4157993115920007        1.3472571425330293     
  0.69819790295494433        5.4340628958944731E-002  0.20020882304639520       0.30476095970896122       0.28528043297124311       0.75575244807142083       0.30031120614537793       0.51566401440128673       0.43186043554076009       0.30041396859712394     
   1.1551645773697150        1.0844421603022190        1.6719508568657895        1.4382398570978183        1.1919247681598228        1.3219929030732727        1.1072560123853319        1.3087381532191988        1.1225212043895334        1.2498338011021330     
  0.71190881088698987        5.8698424240117453E-002  0.22513160705175600       0.32186909610025888       0.30280526610590441       0.76278862804071823       0.30636852091466926       0.52911085215537612       0.44886762574980243       0.31780311394223926     
   1.4021460460179072       0.99692608206942890       0.99476276653710971        1.7723614860742261        1.3727900121870380        1.0315889573932042        1.5492399075138183        1.3314456646328741        1.1094869521649733        1.4142450555662673     
  0.72430618321879370        6.3434227209971605E-002  0.25241876063813729       0.33984094591088243       0.31941879546549062       0.76914074123881582       0.31268063199787571       0.54005928269540793       0.46495749552456112       0.33604397362388272     
   1.2103081757002938        1.3471945589747361        1.3552023611730748        1.3037587044067678        1.2253688701836110        1.1555570303660396        1.4405923373249290       0.91343482116049468        1.3174223418193531        1.2918684538236973     
  0.73628445199974224        6.8429407392708932E-002  0.27988186350930727       0.35848180108394628       0.33605450063075898       0.77517038098477553       0.31969562686081693       0.55014924665373732       0.48032079498902902       0.35332476146666203     
   1.2624536434098836        1.0071868576380836        1.1732573108892868        1.2901648892878916        1.3700833515805304        1.1292135022902527        1.1432577964452373        1.0930791884261142        1.2256685361354835        1.1041499385396492     
  0.74784796940419584        7.3769673814301800E-002  0.30832111338281237       0.37561341133818293       0.35329015612093290       0.78129324404005795       0.32685084600556086       0.56038879112330564       0.49568818478388993       0.36776376853086462     
   1.3958415096035179       0.98613450211596232        1.0997946873603666        1.4106334367611362        1.4468648412663314        1.2360993927463435        1.4548735934731789        1.0304493556958541        1.2356891912391599        1.1226365002324377     
  0.75930991471755838        7.9481790820310066E-002  0.33953829990420037       0.39207037198750433       0.36893820789791498       0.78786387916360612       0.33445801344624942       0.57210110244512136       0.51118232656522145       0.38088434971695956     
   1.2803052365464112        1.5585457682475452        1.2141048955165299        1.1649571874381941        1.1817478508013535        1.1556914832584915        1.1263768942638772        1.1932315747719695        1.2905910995574637        1.2582030212684265     
  0.77066821357080262        8.4794947119073330E-002  0.37462553351879657       0.40812133689111246       0.38262315039379202       0.79446000344077738       0.34176505591516143       0.58301252578511586       0.52638269897641754       0.39381235638643985     
   1.4331422785763499        1.2167515082930411        1.4870391989114466        1.1758480594640768       0.93868144888422655        1.2058231634743575        1.3781025712998229        1.1210005764768214        1.1819767637656236        1.0397661660673809     
  0.78138237636528129        9.0331790684602273E-002  0.41300806258510137       0.42425609103197104       0.39630889940855807       0.80089588506620535       0.34849580172100764       0.59229610571534286       0.54169476225421054       0.40756724659190213     
   1.5236630628506054       0.89052198603050425        1.2405732643466689        1.0214783880647886        1.0444932454322295        1.1773008543315471        1.5432949132427050        1.1222355573845779        1.5054312266475789        1.3094064305147592     
  0.79116101746631318        9.5819849277021155E-002  0.45347180823821953       0.44102122979223313       0.41108971561154428       0.80723276105050767       0.35490290607962555       0.60198758143651010       0.55697786566387042       0.42194943312758454     
   1.2746589802685269        1.2293549982316312        1.8874815378273997        1.3454221446780108        1.3726470339273404        1.2871709521252743        1.1902096650294940        1.1784528601494590        1.4373491763746624        1.1961883376263687     
  0.80024674778892069       0.10157528251114162       0.49485975360551859       0.45781087215109428       0.42635944614856097       0.81342744738753592       0.36109642274356207       0.61342689734648326       0.57150056704722763       0.43365010047182362     
   1.2688879706589311       0.95054257563741795        1.7946001210333675        1.6628970981034692        1.0999889695244067        1.5575241089271232        1.0184625704384072        1.3999703806456383        1.3885753716863827        1.1100379472899804     
  0.80912742609534427       0.10696130887528665       0.53326206912550345       0.47442433311595911       0.44163726315837554       0.81928771619391805       0.36766409981602399       0.62572826112208813       0.58569614070430476       0.44607035341384527     
   1.3626256980184182        1.1250766943329982        1.2119226079849459        1.3111580402738554        1.3744696253377060        1.3789822543011006        1.2977406722749734        1.1691340923364930        1.3057578508734913       0.90018186218037610     
  0.81828381391885618       0.11270896466403585       0.56691506939746372       0.49016056192954477       0.45745053563905830       0.82478768774847988       0.37433737966379788       0.63751437154495982       0.59995265333000103       0.45870306118422505     
   1.0819005400049777       0.95803613692118639        1.3903463373376139        1.6234089560563116        1.5997895801090682        1.1858951212106237        1.2200769450580913        1.0967725343197769        1.4732572177975927        1.3000054500542617     
  0.82773915564181333       0.11896557755434550       0.60032138542093338       0.50547526102354945       0.47321871558328032       0.82989889876927991       0.38112293102130002       0.64875240710773407       0.61305831629379426       0.47298162341935235     
   1.2486529914108746       0.90465151875538796        1.2251304218823251        1.1845494165845221        1.5402884033834925        1.0486843577136642        1.3771139632165741        1.0959087958531355        1.3092256839061185        1.1725374296108699     
  0.83663460618435559       0.12647968924573474       0.63724829688993967       0.52053562024780409       0.48980514011410875       0.83488378141164477       0.38804090911708805       0.65975554970878214       0.62611215606548454       0.48722233782092955     
   1.0733251032578588        1.1086851472060273        1.3727892722148303        1.2591489247466288       0.92516404075240732        1.1775489159784776       0.82477599029170223        1.2752170579367499        1.2563322232652490       0.99821268010981901     
  0.84503427289314614       0.13444106021294369       0.67462151861318898       0.53518831889520802       0.50597629626980656       0.83986115402735728       0.39489781833104404       0.67103090076915550       0.63974207683145856       0.50209140676835873     
   1.4323642248640451        1.1365472989691221        1.3171001092884733        1.1639057302815417        1.3804118399056959        1.2112256670919825        1.2488541262341009        1.2500200187599375        1.1246315979424095        1.1726619111621770     
  0.85315142709751046       0.14326049857875237       0.70712155801982202       0.54963518024254610       0.52199147477374375       0.84490478158493076       0.40158529165978046       0.68224837135582861       0.65298264969612507       0.51835302616296408     
   1.3653529921578018        1.3177715606602445        1.3412181358966722        1.4425271442683936        1.1949438742589369        1.3284961519410474        1.6591832603466774        1.4249212566080476        1.1006017460223874        1.2934332201424394     
  0.86061735397437478       0.15229073381826241       0.73721654335067066       0.56378127598549832       0.53785185286100257       0.84946429607516505       0.40828186658117677       0.69329450018187755       0.66498862224413091       0.53532828775243757     
   1.5109973557702259        1.1537706822265581        1.4137815986037752        1.2893814752560919        1.0379151603186678        1.0779324663858549        1.2125458322022371        1.6857175064946797        1.2828069125122290        1.2810138695313589     
  0.86805493528637012       0.16123660790872613       0.76398774838024486       0.57794449889707744       0.55373406982517448       0.85384920249001184       0.41534806807447766       0.70384703180889407       0.67621897645245266       0.55252582261886030     
   1.1839472975485281        1.1546266525888054        1.4687216453019429        1.0325748245394404        1.3613757348542024        1.3750829197218639        1.1825197253334145        1.4329335471047973        1.5433301377105997        1.2854528377067518     
  0.87519435784745803       0.17087690606734041       0.78779688348267518       0.59204632138430058       0.56909536490433132       0.85861150094218297       0.42141923081600385       0.71414714821325587       0.68735949016985853       0.57032123540804747     
   1.3587572619278163       0.96927079063575627        1.3228925570290500        1.0709630222641535        1.5505982583303008        1.2686892824759888       0.96949762387815352        1.1468578160760052        1.0721508896681227        1.6992110107459317     
  0.88208988403153632       0.18137255676802994       0.80921401292795125       0.60567471831582631       0.58552212845889029       0.86393012590515650       0.42732866608217718       0.72383684314980767       0.70037049169744792       0.58873196649180104     
  0.95928861493054884        1.2958082693493911        1.2112822216546286        1.1679565802282319        1.4385835777884004        1.0732517664156511        1.0670355979563453        1.2824597828663438        1.2489353866639941        1.3863471297068251     
  0.88870842387210913       0.19291976586345827       0.82809425737069198       0.61895066786640340       0.60229817234605443       0.86866083548893569       0.43309293827500495       0.73343045647144745       0.71283369991973933       0.60752138164935521     
   1.2475205838188925        1.0108776946498930        1.1851796970124406       0.91865628073349936        1.3495135999335464        1.1669089438007851        1.1998499904418913        1.2061983461294170        1.0721771842669579        1.3102268539895687     
  0.89468179782752522       0.20470825320791636       0.84470786580115631       0.63316038429402255       0.61954566615740836       0.87302250123333625       0.43934991497469900       0.74282552872962160       0.72535498790701536       0.62631553591392475     
   1.0736938277612731        1.2775151502693300        1.0424989130904097       0.95986261715710230        1.0642742210395957        1.4532740539973374        1.0321830257206659        1.1799923582524292        1.0973071543478066        1.7610813364067457     
  0.89970869881314786       0.21692470370551267       0.86017398393791378       0.64897402423296413       0.63726098272517750       0.87727027180580119       0.44577757828148562       0.75255529257476950       0.73868282615959646       0.64441124364894320     
  0.83178262714382689        1.3995431865619548       0.98388989743495214        1.2419662413752117        1.3122044695243080       0.98582400051225960        1.2361387079061108        1.2192873941168825        1.1540709184517843        1.3019757759927160     
  0.90503792958758733       0.22967852021633364       0.87470714563361451       0.66554177065476583       0.65602542433732902       0.88154052017064821       0.45211763377879205       0.76165762657186209       0.75178980485912061       0.66167125013571326     
  0.91210585346554485        1.4014691470385432        1.1586080452745511        1.3892203932183516        1.4259219830152883       0.96824693213765800        1.1351311815833689        1.0898270617480217        1.0895377810445754        1.2191700117544757     
  0.91001686275797011       0.24255267443385364       0.88777599507868965       0.68233649621845682       0.67324319777937003       0.88604598027394754       0.45847048496895432       0.77059076423558670       0.76465795614653576       0.67852846101623454     
   1.0352546361604589        1.5364498460840919        1.1373286233192934        1.2560951274769085        1.0761458402249666        1.2251808978992489        1.1437736977332584        1.1173946123565350        1.0982314970955727        1.3641787479350429     
  0.91529999362755021       0.25548986083145697       0.89943533528617770       0.70035705145223970       0.68988649711044081       0.89069529163352934       0.46523776348974050       0.77953292680782937       0.77662219666464838       0.69523029349128806     
   1.0155922187990336        1.1290162315042633        1.1435752723343220        1.5656851630383608        1.3864426964238694        1.1406045648837340        1.3416769905091466        1.0868342011078569        1.0480790678475504        1.1693258774023993     
  0.92043570324594892       0.26965688079180644       0.90960265756355962       0.71337848377248558       0.70701629693590706       0.89524930114942891       0.47259740209573731       0.78867001497765188       0.78829404154941896       0.71231262689635133     
   1.0673526887566911        1.2609502089363516        1.0123557121273168        1.1750331150301236        1.4100950556359426        1.1532277917982570        1.0308617983683546        1.0541777611206340       0.82785364079690238        1.5977636517024041     
  0.92551400517773263       0.28586071859804285       0.91830353806111820       0.72546891926966928       0.72382026422162038       0.89958746989835647       0.48011229652580534       0.79817770261634180       0.80025056764106517       0.72944134166296859     
   1.3028349092008447        1.4572264397238246        1.1719269793099589        1.0616485262025870        1.2666527993794012        1.2718409504314041        1.3014716728481983        1.4924594378144471        1.1432986167130830        1.1513677411697292     
  0.93027363267162355       0.30223887353248013       0.92655482716308613       0.73796020506512328       0.73950319453502411       0.90356668414492713       0.48759467333155643       0.80756146761799863       0.81203586841210695       0.74675497300461180     
  0.97793853126801988        1.4009521146252819        1.0663734044396878        1.1313992025301824       0.97480332243658130        1.2113264085662281        1.1023134537930073        1.0982056350737008        1.0485157507690317        1.3518114976708593     
  0.93481883814047173       0.31779582235958470       0.93381823145704046       0.75057150521627169       0.75600713295028643       0.90749855555416026       0.49541034702244657       0.81732249007226765       0.82359560834014256       0.76468978544371902     
   1.1480265336810320        1.2029638750040583        1.0005911515337225        1.0371123882347706        1.3351801290722067        1.0000629337296940        1.0835819434073666        1.2118859696996409        1.1011224807526188        1.4565431055045504     
  0.93954125265430621       0.33405277107128656       0.94112675414107116       0.76513248356721764       0.77215673731739187       0.91159172885715634       0.50350456252878328       0.82700612575010901       0.83477681789963698       0.78090666005671938     
   1.4242095862335094        1.4252099115524306        1.4460721765595406        1.5271307591115726        1.1268146303356417        1.0972910007732903       0.96807634231060380        1.2316766767504146        1.1103474824431125        1.1839388616866315     
  0.94414471365718888       0.35234421256390863       0.94777287753948236       0.77839903138420630       0.78796821202302758       0.91592846812072126       0.51140077266332351       0.83713718503308510       0.84553767378960920       0.79665317328607888     
   1.2048673990434999        1.2551966737732581        1.0535457142448776       0.93562920135747696        1.3500881004800334        1.1409436032311950        1.1703931154384115        1.2773947206256879       0.78119458551847143        1.2078508816538931     
  0.94816895239572063       0.37240544250759616       0.95297764484530989       0.79199030760012923       0.80375555133720678       0.92022829463923761       0.51965347457220112       0.84743224143031071       0.85669809124317275       0.81135885480302061     
   1.1362135473211994        1.1973059796160117       0.92019031381843430        1.0422088274994479        1.2440074229167897        1.3151601692970463        1.1021549178179457        1.8017868895212865        1.4117257083564911        1.0797823602688361     
  0.95210489379674423       0.39226962435382690       0.95765054873673339       0.80646625470798583       0.81913482457307363       0.92442493837108286       0.52738628387898101       0.85803954953707118       0.86823919451085874       0.82532598654129286     
   1.1313863080806492        1.4638629431686851       0.98609169950735331        1.0705131397207244       0.89559979411043766        1.1401829365435663        1.0949304733023648        1.1124408715547083        1.0407926516551058        1.1147958133328126     
  0.95622093338023828       0.41184937882667211       0.96238329155990443       0.82159394477718961       0.83483410989648532       0.92898885261633268       0.53805271959108514       0.86896132352678490       0.88034828202781568       0.83809198713180333     
   1.1738721933842839        1.6568333167074543        1.0152525103279941        1.1495964894725768        1.2662024188958345        1.1290854848689500        1.3526431155849628        1.3599735308186243        1.0069864018309871       0.91347429616581899     
  0.96070734675618985       0.43249429688180441       0.96723193326088830       0.83602594659750229       0.84854869784414699       0.93356314486548164       0.54837926726075048       0.87985794538525797       0.89249729918663312       0.85029271174109067     
   1.3980091123179077        1.6569488446734222       0.99986023167139237        1.2103886129293837        1.0359951344735949        1.3704556324514807        1.1376105394171772        1.5397089061327582        1.1014772956283925        1.2534395781323817     
  0.96511983258962641       0.45478620781130885       0.97200541344034919       0.85086054431957914       0.86051570463108296       0.93856535087020565       0.55907425802816924       0.89079514856125330       0.90367145661843973       0.86232062478048532     
   1.1930878188754666        1.4747882809425283        1.0647998604578426        1.4731939089568802       0.96777112689990352        1.6264895163394875        1.1466641412975476        1.2484464832982687       0.98398311074146450        1.0810265589399939     
  0.96872687345810893       0.48007649772563121       0.97658878110605973       0.86539076158995587       0.87298141966749099       0.94349188135649731       0.57133031763017683       0.90194240867385767       0.91402999160496323       0.87529569476040070     
   1.2245733287054303        1.3694023531831025        1.2647682073019073        1.1483256430061870        1.1592373859223004        1.2683875313512702        1.2620492558483933        1.5283163616948132       0.83357073119642389        1.1299859235972469     
  0.97240867093621952       0.51065746961873626       0.98092171312227028       0.88030449872283467       0.88802611797334985       0.94813271473632577       0.58407909421339599       0.91312119020880489       0.92406681685551073       0.88867681395545206     
   1.0337857556265502        1.5128320565309765        1.0780323818349371        1.1037908086991737        1.2931849708568404       0.91093724571570667        1.4080570179885676        1.3680425487408265       0.79456859084450704       0.98155809303215491     
  0.97596158100617481       0.54354474021444066       0.98478704027949304       0.89643702917542689       0.90419171739263149       0.95235385395897809       0.59761251616941846       0.92388635061695912       0.93437936696963164       0.90314363262492026     
   1.1344888468806433        1.8011276171566089        1.1162039152895442        1.4495874266868616        1.1507370053146162        1.2774395524528894        1.0141398925577538       0.97927267045975186       0.98652577480959058        1.1308263974363344     
  0.97981718550676689       0.58230935495506853       0.98803492921321345       0.91390488913359391       0.92056618850148109       0.95673166167922419       0.61291280789390967       0.93463856804752576       0.94504527017397910       0.91886690275954286     
   1.2299249979862767        1.8256986496240146       0.99713800213236070        1.1082048856405184        1.1680066379116065        1.0547150211447403        1.5673615918055250        1.0676674754167892       0.97607776126405243        1.3045420321184589     
  0.98345505195989613       0.63059320869810864       0.99076973254224543       0.93225007044001007       0.93572467411853488       0.96199686493800463       0.62838574323872054       0.94594792991312826       0.95615015304119455       0.93513040416424986     
   1.0958596242672969        1.4115185714636038        1.0164942293834522       0.97645713226241604        1.0995828260350988        1.1226633345545773        1.2108888999328864       0.99506040140199081        1.0380894502447011        1.4097001318295972     
  0.98725227470386445       0.69104098753123755       0.99325124184191338       0.94963324123362847       0.95089516879445590       0.96796666700720546       0.64873290584654664       0.95777585531616083       0.96707299765176780       0.95124147602409193     
   1.7429457215034743        1.8407011916120584       0.96028746710972579        1.2089859146410376        1.1789399004030761        1.2868435729036418        1.4744082036288222       0.81114029071368976       0.88696513802615051        1.1437997750135751     
  0.99136947335320313       0.76033806800573855       0.99560385170251087       0.96631128413365308       0.96779852209361894       0.97549695240080037       0.67905426953906256       0.97073343837813719       0.97798307017998543       0.96865856022849328     
   1.4093805358807157        1.3838709448397941        1.2754501653029633        1.3658361326589550        1.3226817733668357        1.5582884627488585        1.4002777351377820        1.0301498952484862       0.97142523403586956        1.2175243351168001     
  0.99563953429956797       0.86246019917845895       0.99782855216488531       0.98306871799768436       0.98399471857153897       0.98576147059312802       0.75804601973954611       0.98501814958979672       0.98913445438995118       0.98425159304102261     
   1.8147687780130088        1.6444243946782202        1.3954835820475178        1.1837137342794677        1.3071677715615262        1.6792793608439380        1.6735638805244273        1.0575638051320246       0.78756908843409745        1.2298965433731692     
   1.0000000000000000        1.0000000000000000        1.0000000000000000        1.0000000000000000        1.0000000000000000        1.0000000000000000        1.0000000000000000        1.0000000000000000        1.0000000000000000        1.0000000000000000     
   1.9266003843402839       0.93855801571249386        1.8254132407282551        1.1460049994321855        1.2765993344842461        1.2952959081423006        1.0468365543363123       0.81066947772779197       0.97078231390221137        1.0851198446356067     
   14.397123306219244        15.551299563848001        14.983541241118930        13.255732024208960        12.925101772877019        0.0000000000000000        16.871579435260088        12.996729875029336        16.807974147539216        14.559068168194642     
   12.302021994480816        10.230334324195018        10.646517432709407        15.523081079979425        15.630905002738809        0.0000000000000000        20.083530867571255        6.9453478260376791        15.225267476136583        18.849084950025418     
   12.692896951830893        9.8730647473578621        12.832247740911736        15.968532494169722        15.817677680442209        13.763989939442880        15.288959030867758        14.342542327960402        10.240016509645187        14.299543378399655     
   15.097580914575532        11.316745173909764        12.776497664464259        15.719419976409853        13.708798869878773        13.527892606237463        14.226905413656324        18.746004385177852        11.652320475636527        12.278093466969247     
   18.986118927094022        10.901896262113752        5.7584261951852920        9.5445701014483326        16.190779145901097        13.098918905647931        12.411889871462490        17.285769482095994        13.763148203012017        12.520258627433295     
   18.205036442352224        6.8176523231493960        10.279340617083324        18.261700599952672        12.107711746163943        13.928108165116459        11.491579983559539        19.109110282338371        18.376562918924552        13.660480678841388     
   17.740660294407053        12.069648538049082        10.377012128231890        17.339328644545802        16.907875607149897        20.084641615123623        13.614608511139938        15.046679909245578        15.783435410131354        18.962842875863252     
   17.726798273191388        11.263220478119980        24.146760256014911        11.702738643001799        16.521566853039328        15.699774793665819        14.266736901819428        12.500669803159598        13.703061510530222        18.731245143488106     
   6.5226087780833886E-002
           1           1           1           1           1           1           1           1           1           1
   8.8266951314673377E-003   8.0455271361887758E-003   1.2003393015686205E-005   12.398163428355309        2.6667265875759104E-004   2.5836101909891194E-007
   3.6212440327001720E-005   3.7402110353814308E-005   7.1455984259877212E-006   4.5692198136169038E-002   7.1446971807828837E-006   4.2626338070167363E-009
   5.0000000000000001E-003   13.805523765543942     
