   0.0000000000000000        0.0000000000000000        0.0000000000000000        0.0000000000000000        0.0000000000000000        0.0000000000000000        0.0000000000000000        0.0000000000000000        0.0000000000000000        0.0000000000000000     
   1.4975945843881699E-003   2.5267645095204878E-003   1.6995792404813196E-002   2.9422343604523275E-002   8.9700493269028181E-003  0.36183237618637554       0.11031128508494153        8.7308728931169727E-002   6.5736378521409788E-002   1.3052067057489238E-002
   1.8924192903326675        1.2067762385841891       0.82508540743501024       0.95542236654396018       0.87860302514170696       0.52240909910073230       0.69428207157055444       0.86219797016680988       0.77912894443042224       0.83953537363485875     
   3.1206754620838766E-003   5.2295625394142356E-003   3.4137616421845852E-002   5.2631343033977353E-002   1.8350657336035039E-002  0.47904143006499733       0.16261662120742726       0.15058173026425878       0.12443939908086440        2.7150955141876432E-002
  0.93531110892815295       0.99835221618147596       0.93891058770744174        1.0077223359905665       0.94369697641005856        1.4331493546191876        1.0955325479117120        1.3636429937959909        1.2779445274497832       0.79988183612287933     
   5.1181285753111637E-003   8.1324004663922648E-003   5.0493421601699118E-002   6.9361061981970049E-002   2.9778599894681641E-002  0.53076668166466556       0.18573716844529808       0.18930169593185087       0.16360129034974163        4.2482777724757212E-002
   1.2081351314877589        1.0061902002346059       0.87573907568705189       0.71397894535653594        1.0800715684769073        1.1905028767580108        1.2702237692622100       0.97346579935772959       0.85692008949595511       0.82565557471807460     
   7.5495788408439009E-003   1.1349885622179260E-002   6.6120651484769283E-002   8.4779418226106268E-002   4.2833886785042949E-002  0.56467246081849309       0.20355374891447284       0.21904285720183464       0.19885044617418351        5.8897102416309799E-002
   1.0142489937641486       0.79996350349838807       0.79534073866601118       0.81152206292944884       0.90651971891155858       0.97570120476559763        1.1213965749904273       0.89264190640111563        1.1440967160249238        1.1280501006073609     
   1.0156466714034156E-002   1.4960865417592822E-002   8.2488546984022942E-002  0.10083572464345353        5.6208215793257722E-002  0.59128774506933757       0.21637289481122501       0.24386287389342037       0.22954363875088907        7.5191179428728688E-002
  0.77853371291829332        1.0137226323797885        1.1680272923794239       0.81048635677600478       0.93756079174533069        1.4513640875530514       0.86568048703110989        1.0392044360199848        1.1617105118602702        1.0668653171991476     
   1.2925924522293734E-002   1.8894620684897941E-002   9.6090702129285707E-002  0.11594380369150138        7.0023537360216812E-002  0.61358756089952005       0.22765605899926222       0.26553690346191938       0.25527311907768058        9.1475487846249523E-002
   1.0680405219523819       0.74762656928732119       0.92853308651879207       0.77182854626234920       0.94785456018380743        1.1561638496106077       0.99481271248589609        1.0846389561854179        1.0457489825395003       0.86633979910072834     
   1.5537382856347166E-002   2.3467243087920902E-002  0.11125956736407179       0.13032386025892573        8.3113831429128121E-002  0.63319258305544457       0.23721343689824750       0.28760736117089103       0.27947888785413372       0.10842695551445895     
  0.62435649584234043       0.99123049307641165       0.82390895138106846       0.83576326155802028        1.1812882932713482        1.1789882992593734       0.87191573935609767       0.78674312796292611        1.1469708421803824        1.0423404781961052     
   1.8119284130540869E-002   2.8562948338399202E-002  0.12691260159351170       0.14594283417061674        9.5029527252076362E-002  0.64893069080159971       0.24635842379230363       0.31140288991321158       0.30331402007168390       0.12499084272685813     
  0.64972130923251781        1.0162711988817648        1.2383350160034530       0.81498286816302323       0.87507068746812344        1.0136620738426005       0.78922754425058372        1.3798572527511699        1.0858971159087558       0.97131641749082354     
   2.1057167911447849E-002   3.4034406725161080E-002  0.14289104152700344       0.16257000787320869       0.10707843566575349       0.66293992831460147       0.25531748063415000       0.33421151752033018       0.32704986710061518       0.14215159675425174     
  0.65194972839239840       0.98455254654180668       0.90438163537592309       0.73676816918211208       0.78414103503228816        1.0500984020173993       0.71687766481989545       0.90776530801590560        1.0705006918597200       0.86160724228107888     
   2.4620112438401766E-002   3.9541861246009745E-002  0.15952027357124374       0.17871685403728566       0.11955591783710623       0.67595706495196706       0.26411128199073974       0.35335648178019624       0.35057042435438390       0.15927635902336132     
  0.81788263036153364       0.99218027851132340       0.90503824417494472       0.83223943364727893        1.0052235396833453       0.92383864948481209        1.0597698239981539       0.78091512613766534        1.1262899460441538        1.0551461312175729     
   2.9087467492129131E-002   4.5184255071244336E-002  0.17503352406321210       0.19339524543557687       0.13295572396427682       0.68910120097371519       0.27308914742037260       0.37176410941168475       0.37251098483391870       0.17604372352778319     
  0.89103401173641961       0.82084690639964686       0.96365618208515513       0.78330498469110310       0.86745356817160946        1.0511595731759031        1.0766381904268658       0.77134687060002871        1.1642468654685583       0.89755564459939696     
   3.4224784097556353E-002   5.1481760495930055E-002  0.19010781451867811       0.20747983045438645       0.14686080588346004       0.70049542423974764       0.28172512639958613       0.39030648684867941       0.39277824509616982       0.19342276121567906     
  0.93028178359091063       0.86395176026363252       0.90903767832292592       0.76039568688713277        1.1545250297014971       0.98699790038508339       0.98825110248736681        1.0354704456933079        1.0024776477944721        1.1142573580931376     
   3.9920730495515429E-002   5.8091523577776229E-002  0.20612721226073749       0.22133766449055836       0.16028372786207848       0.71208198541553869       0.28858483752797509       0.40830310253342617       0.41210734592171722       0.21208927279567430     
   1.0251735083233264       0.94675620879539524       0.99395720133817278       0.83123478012043250       0.82524022541960784       0.96150341067464240       0.87560024372609346       0.95072487815744633       0.84614199823175296        1.1126193263041984     
   4.6023546605062075E-002   6.5485717624366196E-002  0.22041356748592619       0.23593225767699180       0.17332727417633872       0.72218520841148859       0.29382366987213004       0.42477975527324052       0.43030105326267482       0.23091653491851968     
  0.94474390897170391       0.81867606640151047       0.98628143571830718       0.79926900519538135       0.69676222502439999       0.91136054247621356       0.76048647403296366       0.97093606186592341        1.1318243522389291        1.0017537864863286     
   5.2605914884556466E-002   7.3614109555704466E-002  0.23492863239494685       0.25073246924118325       0.18872571801331156       0.73180650020312055       0.29973830676224500       0.43981934524505101       0.44761773622020978       0.24836940678604791     
   1.1351513782032647        1.0783433539949190       0.74957264831013348       0.81642867048100221       0.93996079670892474       0.98847634895129743       0.96909246241441671       0.95303225514863366       0.76276748548645668        1.3286815488623680     
   5.9700786567042224E-002   8.2372642744479571E-002  0.25008607295212815       0.26558979026835094       0.20152263398575926       0.74024518931111871       0.30668607770905887       0.45368233655600632       0.46468506533024029       0.26482384724983349     
   1.0107767340042793       0.92784683778479771       0.80484421991646149       0.80366185810860036       0.87164132227588420       0.92141881928743175        1.3292965279095201       0.97158456636476120        1.0131499552485617        1.1293765498129593     
   6.7785968498095400E-002   9.1891675981223581E-002  0.26556797428744294       0.27958762404496856       0.21358913498381546       0.74840752264637500       0.31397955678145156       0.46755614030236436       0.48131474480778758       0.28107369817987321     
  0.78781501653731745       0.93287131148964508        1.0093383506765115       0.87309655755767945       0.91223456427607030       0.85122103635209856       0.95408893450661958       0.94145310588846187        1.1333489258504688       0.80290865216073992     
   7.7047567014519369E-002  0.10196503256615866       0.27895533983384269       0.29466016736908862       0.22539440731447866       0.75621535175139543       0.32107973673014345       0.48074671839058974       0.49711273015086022       0.29623739692872264     
  0.81547509015552688       0.81207664382689104       0.74586498106158594       0.82723651835881129       0.75781511013610514       0.82289032204432577        1.0682025571660121       0.79139566195416844       0.91928659321887618       0.66584903694008601     
   8.7038155048557303E-002  0.11244159200421622       0.29116160540821800       0.30868703730223435       0.23915184640508821       0.76479930006486219       0.32742284128527743       0.49542180516216477       0.51217783848834331       0.30875556046751335     
  0.87322368774635473       0.89387781523655219        1.0529478132352947       0.67835284525648543       0.72438521104762743        1.1916805239649157       0.89375672967267294       0.95288429154734633       0.83667657340184509       0.75595281501714651     
   9.7811450650768975E-002  0.12312885406527468       0.30440926672096763       0.32327860225691618       0.25385001473503876       0.77312638507111220       0.33355510372452102       0.50903512856656496       0.52678680234356801       0.32035178472483605     
  0.90224330041393830       0.88503555080130181       0.98990218313278555        1.0307353359682889       0.83056497379431671       0.77203249293762477       0.99919304375453966        1.0833601543431726       0.91087898124614897       0.66278961060694896     
  0.10955323272489856       0.13360145258605846       0.31990097935690137       0.33813910029025362       0.27057785167619325       0.78096020008747868       0.33995236107958071       0.52135253595211106       0.54157489750456789       0.33460352461468290     
  0.91288632484481202       0.81225821211778337       0.75278960765579628       0.78605397544356714        1.0752688969588473       0.75903256505905603       0.97769815458781406       0.82815444386774628       0.76319042120152891       0.90134761332738766     
  0.12182635588420239       0.14432802290819127       0.33701092567855934       0.35392279942423793       0.28802169316745746       0.78877002039532351       0.34638476175454413       0.53328846123991047       0.55721630104546249       0.34963837730563746     
  0.83984680316635629       0.83631186035623672        1.1128665894970642        1.0374004221771262       0.85848947628517391       0.92589776865113760        1.0196209532976868       0.89912467716831646       0.99118032029414405       0.87367953279465782     
  0.13361260886530663       0.15523128945332568       0.35458218629490684       0.36997599556342142       0.30618732251662906       0.79625641463316088       0.35298005806975596       0.54514478069612393       0.57217771988042720       0.36548901696378888     
  0.90384069884036367       0.67716577962368762       0.94850511548019889        1.1036484797754762        1.0253054067831759        1.1937910809577796        1.0917780720301602        1.0330505898035185       0.81388573328175062        1.0962796590386146     
  0.14514875043876230       0.16620664214648434       0.37095177217033903       0.38559712083301750       0.32488023866197374       0.80308769732716945       0.35915662597870945       0.55917701558671329       0.58589686736567159       0.38165601531258758     
  0.80765677732361751       0.94255742262922315       0.84972213255933660       0.91358527235711828        1.0516897996718413       0.84244498384540600       0.89491015646839833       0.76440877758099701       0.99401104797319317       0.79364276762512909     
  0.15613113078330074       0.17777958865283963       0.38723253278116276       0.40088975170691066       0.34242360449874221       0.80970996997210742       0.36507184755419958       0.57397712635733045       0.59917402447512136       0.39896765636087717     
  0.64789958214869503       0.88232327885440454       0.67396569642133120        1.2156263096876765       0.80355846093576710        1.0785241692176135       0.92620733365392316       0.87662121299646734        1.0144715490390561       0.84146132438991528     
  0.16803637088345189       0.19029362153125542       0.40381673914262584       0.41601833719916465       0.35966516709290086       0.81614132862844446       0.37117808253941548       0.58752261005652728       0.61292500965487839       0.41665841398780484     
  0.72143264848768751       0.78573869465888568        1.0578429843536583       0.83666842053973756        1.0977722859762780       0.92276553342847623       0.96655702250913333       0.92333184028779824        1.0593101120655768       0.96954625328938471     
  0.18180096347740909       0.20263670937716463       0.42014694236455430       0.43077250081361235       0.37689862563006943       0.82248811333309324       0.37797777607722149       0.59996427280440223       0.62593106341263571       0.43320766253536119     
  0.88186402798888008       0.83380974223279358       0.90024898151991184       0.79490942198308545       0.84762046591231788       0.81974191086865089       0.96867142534373285       0.93553649917475545        1.0288581309729758       0.74924206615709943     
  0.19869632627776182       0.21465214173364544       0.43544455680255456       0.44532859348421144       0.39495004884295198       0.82886623461563824       0.38496606852319332       0.61262780989499355       0.63673570676369107       0.44795668197922978     
  0.93260216002108287       0.69922354687211152        1.0642472780227950       0.88428836956508516       0.95941377966543073       0.99452254000589579        1.0086419546037095        1.2184318657963689       0.82455370316571952        1.1461652318833491     
  0.21793430537065525       0.22772324628902935       0.45072681758825384       0.46022317653187961       0.41528129261807262       0.83503161133333370       0.39150682809153703       0.62576631569980723       0.64650090568959007       0.46229909559146742     
  0.90896793681536181       0.89007449165983554       0.78434402626583721       0.83253373061937197       0.83778828726977195        1.0424497951380967       0.88182626410380238       0.90922623299056538       0.77660698637023606       0.95486916727080229     
  0.23855206511997828       0.24065100103113551       0.46683438057921844       0.47501211035831709       0.43550544724299989       0.84105559713527955       0.39756708279171538       0.63887859965691329       0.65663991693231805       0.47670221728562528     
  0.85010328899391341       0.88214294850603892       0.89704478843294999        1.1077086412171111        1.0577885183973796        1.0248355922128511       0.99892530932710188        1.2538868275635393       0.87415630469937011       0.92599859246977267     
  0.26059054620036270       0.25325767539131050       0.48383148636437334       0.48741616414237982       0.45709554788382772       0.84734708319649843       0.40363133028165460       0.65160521308146579       0.66785013041870978       0.49250371999105497     
   1.1142153634459531       0.87850386275013836        1.1348628629385622       0.68623198557018206        1.1250994032174579        1.0423774569492323       0.79007466999207021       0.91824837227912337       0.82983790907308941        1.0055370827117385     
  0.28341673830656555       0.26692456556655880       0.50000678656826092       0.49886741761444880       0.47810100121100518       0.85344521562665832       0.40963386635843063       0.66388642603184345       0.67704130815449559       0.50864383159320248     
  0.88004148951400918       0.77494688154971902        1.0002558560187507       0.83405331264037053       0.83369293495813313       0.82341171950426795       0.77840163091047987       0.97060066840994830       0.65798511130054438       0.75942002722417956     
  0.30789244907954366       0.28198146104709243       0.51464749277332367       0.50980226511982685       0.50451598817064758       0.85913303416330045       0.41528581476789489       0.67528796108104305       0.68414348908145795       0.52546982812005172     
  0.91458092321722573       0.88671197762570897       0.85824321908039636       0.78966332220172675        1.0172056558690026        1.2720616271627960       0.92066700802428414        1.0018603336322351       0.66087954836518048       0.72070725626555121     
  0.33418932796199280       0.29891099905582658       0.52892792662875221       0.52083656003165524       0.53045457641672822       0.86463759606176649       0.42102239472209568       0.68611262790464511       0.69265672246724297       0.54345309365688477     
   1.1055036598831256       0.72323023833140454       0.99453133925249815       0.82895296711930877        1.1226527249865477       0.99396763696079604       0.70018841697073975        1.1933870949622487       0.87837276649316487        1.2988860045592536     
  0.36478362395473513       0.31633203148246525       0.54233594863863455       0.53543605472790778       0.55696623608855123       0.86993970835223866       0.42686241375144751       0.69731135070136785       0.70458539492771299       0.56050184153342875     
   1.4083320507068966       0.88611971135509371       0.88187248758690939        1.1110823578532261        1.0627161018115305       0.84036718951999290       0.68152827650782333        1.2136591188665269       0.92057994330552895       0.89853912633523514     
  0.38917543755655926       0.33490375863291821       0.55608388252378838       0.55058738968963383       0.58072958168530242       0.87504275260463615       0.43376431057813525       0.70893760240462278       0.71614278973861678       0.57595765878437299     
  0.86237812460975471        1.0115152343208631        1.3365112714555984        1.3115959082352515        1.2139803157663704       0.77001538682739845       0.89051230124621117       0.82243409424500680       0.86443983918020717       0.77415460252368540     
  0.40848633254311828       0.35484372417646187       0.57009218369124415       0.56651373647722858       0.60031446908017261       0.88010503899340409       0.44110309516674628       0.71992848591079173       0.72781288229986751       0.59078057208537049     
  0.88179864982343481       0.91560807908595121       0.74027177351072504        1.1327087001310998        1.0292005207294572       0.87815014092986321       0.98474859310580176       0.94100610684064112       0.84080182093163203        1.3787134517846893     
  0.42866539676086174       0.37167322166338040       0.58453122192801865       0.58222922636185737       0.61803203981544408       0.88472869712256197       0.44801758167116235       0.73009997620627753       0.73899019769076879       0.60487517588539641     
  0.73147034789227561       0.85347180990927884       0.94223343518060121       0.98275788448176848       0.78983850161624203       0.90931606829807010       0.73772886189630138       0.80798479656263666       0.87830603023578380       0.76510102881292330     
  0.45172708643933684       0.38391937250821667       0.59897671629183968       0.59670108747651396       0.63518679035717540       0.88880672595740517       0.45460576678178732       0.73993064150553700       0.75018366182260843       0.61873201548751489     
  0.78616526208832338       0.73349063781150858       0.94902450358013712       0.96944496708841843        1.0444353818975212       0.69573910292196584       0.89130440069343342       0.98047383027661172       0.90525571315047693       0.88309274834685647     
  0.47928512814897822       0.39907981263884240       0.61424710675416028       0.61063206746214171       0.65236705616418000       0.89277362225465740       0.46138361469145128       0.74983195079552045       0.76194965162242345       0.63151950131131707     
  0.81077280753061187       0.85899793090965404        1.1236604340301737       0.73613616709379881        1.0828505960382835       0.74388400782030750       0.95912812787435464       0.91248651685251647       0.88928153089091089       0.88770746729461336     
  0.50844142085346788       0.41808911247708819       0.62798874636788771       0.62449219425993308       0.66926253463479268       0.89662856952695746       0.46869078311236623       0.76009424933070480       0.77368467203602309       0.64676587976375921     
   1.1208502732816918       0.88598654315836267       0.94139398864931290       0.98221738787775392        1.0560463881979576       0.63175398985475373       0.70982861126850072        1.0041543714520813        1.1365736367335146       0.85244748308345153     
  0.53625963706534752       0.43768978507698780       0.63996814953344305       0.63868511617042445       0.68592735881593614       0.90036058044832468       0.47604190458728302       0.77089335006546678       0.78515451841531958       0.66285844229305901     
  0.91453920850097636        1.2331427564182613       0.84150950494118404       0.88348060470514789       0.84819085579354236       0.81118699271148365       0.82526098349039212       0.94194555810019975       0.87439870755461135        1.0045015790677103     
  0.56519427393001298       0.45547046326751656       0.65254354134276693       0.65372808206654909       0.70172691039097779       0.90402045463633862       0.48375129764684610       0.78123123910431158       0.79678332376956096       0.67913215011883243     
  0.80249271649842313        1.0176982370924543       0.65784214438886746        1.2971070366894752       0.76264031294326295       0.90008370241476232       0.95173644535574065       0.97279471690408126        1.1730119045700547       0.82595488935651706     
  0.59505874459745578       0.47221250857909547       0.66897249576707241       0.66864239960204441       0.71731007548796111       0.90777131718724025       0.49160327603687676       0.79055684194183407       0.80788414840939737       0.69449675153654677     
  0.86179322677267522       0.87725659111640097       0.99606095105103643       0.99366784305584877       0.69559186271132845       0.91525666705924369       0.97053524260941026        1.0879749043956219       0.86130155077256587       0.99964434807673486     
  0.62507985552908796       0.49144503345607365       0.68532096266632070       0.68444468751887766       0.73263259690988103       0.91165308760446084       0.49951329585247217       0.79976756203266786       0.81784146623203302       0.70839331785811843     
  0.73323616217944443       0.84022086854018696        1.0836917620005599       0.97413983551991756       0.73034067808090797       0.70460354745062359        1.2007524348762921       0.78399637264048394       0.96476048856077090       0.74750861718152872     
  0.65544394341398760       0.51675682487658803       0.70159282512160825       0.70056963407873574       0.74791134292321937       0.91584409188848070       0.50779806323031640       0.80899929681102456       0.82683929899422248       0.72182768949424758     
  0.98667571219234074        1.0246816758459711       0.90780859550052795       0.97080372140511761       0.75402636855752636       0.76154224323974806        1.0987134609774445       0.93211876290858986       0.88534037385919429       0.80753120493941588     
  0.68721632216990347       0.54277852928056025       0.71839620914126312       0.71617826152355091       0.76372827077927063       0.92030271987842172       0.51637345229361908       0.81847020252153690       0.83615920636249341       0.73560928071317522     
   1.1195967578862938        1.0737102542728156       0.99648226029737241       0.93468689830910845       0.89142697892691158       0.94006383192553111       0.83202236381770134       0.82576120525979713       0.97652554012046167       0.87077222082687167     
  0.72089961187449580       0.56705108611831778       0.73458103177190626       0.73106505701346070       0.77954740879749396       0.92466426651012323       0.52556526727449904       0.82765891437872052       0.84671470572564933       0.75038199091329882     
  0.96627735129216263        1.2673335975146522        1.1294345048884080        1.0879912568744874       0.81810292144732710       0.94494342116299435       0.97856009848660075       0.94660177325739392       0.89498273279583573       0.85173518669927506     
  0.75063392276459517       0.59610586943358135       0.75088276853011038       0.74473394722235853       0.79591395912487473       0.92869743295404361       0.53515471529849779       0.83629495673102539       0.85786486230499304       0.76573200880180903     
  0.81104842395394583        1.1456392658606314        1.0308640896688765       0.97814089245631008       0.86955106028272833        1.0255867176667888        1.1136638163937913       0.84479354395231798        1.1820152138713855       0.96978479805977646     
  0.77584040970106161       0.62176836110692213       0.76707913118936455       0.75762801750333431       0.81218695321792156       0.93270935622240281       0.54470128447011013       0.84547936987654360       0.86884662016820036       0.78167711017881292     
   1.0634574699326649        1.1065575393476639       0.94775622422408012       0.97294480970184838       0.74572575672974983       0.76299452761178721       0.89213966786235832        1.0794220478152794        1.2381796117335437       0.97438534902503315     
  0.79969596451806824       0.64628502652338882       0.78324016891556336       0.77049190790810618       0.82798659884222781       0.93675481704856678       0.55376181832454097       0.85587255615927793       0.87969732087056007       0.79762669003170195     
   1.0226051322186951        1.2090704964160091       0.83794094094717242       0.90157532940726048        1.0607176854179330       0.96896800537207972        1.1505827902923429        1.0023636231298891        1.0392609726072788        1.1730934632061603     
  0.82331702975503740       0.67038022795873164       0.79875304198965624       0.78383565900633778       0.84353547953774655       0.94039937139506391       0.56303121724730276       0.86617124243584154       0.89016186584073365       0.81358758767755135     
   1.0074111279513014        1.0947261008071203       0.93114658799089733        1.0441507948534201        1.1171505825842765       0.75263580672880792       0.96247989052459482        1.0327393312433937       0.71174827977848731        1.0731492363305259     
  0.84591098160806033       0.70167952693729252       0.81456190475637968       0.79728901152326026       0.85862984843979229       0.94354838287872311       0.57328329008229562       0.87546145049062718       0.90005876418809339       0.82973671717524355     
   1.1151159446438601       0.94009684146734518       0.87264874464168418        1.2341314115206667       0.95101856112791172       0.71345867991343070       0.99448772724949530       0.85528283150324280       0.86759864406274656        1.0742574188410983     
  0.86722895228196628       0.73397716179423911       0.83174085245830232       0.81106752788468273       0.87359776294463032       0.94663013648311545       0.58393437007059878       0.88454616311749212       0.90964425775651725       0.84532424977640297     
  0.93395276895535051        1.0311559918476467       0.83270970354705109        1.1067579612578231       0.88442922321681106       0.70047826297838833       0.76726440792674244       0.83740178961327538        1.0266274761765923       0.92123579079175644     
  0.88615971831261053       0.76691850176354004       0.84729114529834793       0.82582303712409655       0.88772381390985655       0.95061041341353758       0.59504578392931973       0.89387117665611204       0.91890500427804578       0.86127720111542816     
  0.89629176257097487        1.3058413942820863       0.84424594535054465        1.0454390891369676       0.95960330470257893        1.0240524944966547       0.76248446084079635       0.88937709861654646       0.88988717444289356       0.84008715513958954     
  0.90426419581170225       0.79664268968184104       0.86319818653085079       0.84211964650695192       0.90106980137098647       0.95509076292765216       0.60584345995279798       0.90321797963493466       0.92828417681808317       0.87791434529100232     
  0.99609208021498996        1.1438074266202651       0.82918986557389851        1.2135145504731681        1.0656564762742455        1.1390268782737454       0.84593504695861166       0.88704872027573189       0.83811561789963307       0.99240428538478254     
  0.92171319110997596       0.82342314172815334       0.88026508097497325       0.85943519453707740       0.91399706448267570       0.95923496272593456       0.61743318678947812       0.91244964793215422       0.93743680691740672       0.89384239996258352     
   1.2111777693877432        1.0499138323982873        1.1081990375050017        1.1333177890082868       0.88521511793202234       0.93872713827016419       0.81704110736864721       0.85240113113126337       0.89246680653218080       0.89973662890493411     
  0.93689091316693918       0.84907021812786732       0.89755782314165611       0.87545768215548225       0.92688079932709844       0.96357704395640931       0.62886385048516957       0.92172957150407164       0.94673833319736955       0.90889485097057088     
  0.94876805172794088        1.0041799931601318       0.81921091712080019       0.81420849132796114       0.95494290148211347       0.91646126022359287       0.84969973099838159       0.81947913842568443       0.85483815451284051        1.0278314011679770     
  0.95025716881732292       0.87479623979309606       0.91544443039096035       0.89106917046805389       0.94028398972853910       0.96812892382162841       0.64380501743958773       0.93173098692164880       0.95596422717576113       0.92437070194188986     
  0.92903437707601022       0.86101810927871270        1.1018478503150682        1.0528787366721561        1.1719338414069469        1.0041063717612635       0.78043365693429723       0.72367746294043100       0.90471801145080410       0.83039352361848540     
  0.96210811646597139       0.89893428612137538       0.93334069479930548       0.90698045686167039       0.95343718406013600       0.97300295541599524       0.65869208580386118       0.94331339900026812       0.96495307985994239       0.94121188762220565     
  0.93310194035341154       0.92170661934262277        1.0480696458010745        1.3586652030189434       0.95604398512779387       0.99826656352862886       0.92130505528668249       0.89861701064359822       0.97724730272522664       0.93679952697137681     
  0.97274343987742729       0.92436243442006671       0.94997374207475616       0.92663197040599488       0.96645731482207287       0.97794658995693051       0.68640669870107374       0.95596262019019651       0.97323200229550932       0.95549139090897717     
  0.92228171867760544        1.0837355131461257       0.88611605144996741       0.92280733934297177       0.91619658160568451       0.95150288796062776        1.1606306386686835       0.93836652790128849       0.70102649448245336        1.0720577675019942     
  0.98250741628802629       0.94969850662500499       0.96625822706499565       0.94722724835470906       0.97867808891831765       0.98337462762450289       0.72158574030493672       0.96902812609227162       0.98240007197336299       0.96947800661704941     
   1.1426323225583084       0.87706275536519229       0.94899057004804765        1.0027259333872089       0.98730551709527781       0.98216462706855656        1.1781743621033813       0.74093569689412175       0.80452312255382197       0.97502250676958380     
  0.99155090797439671       0.97439023845799366       0.98371614801821894       0.97218071720492061       0.98952589908025912       0.99071286820154525       0.80640642923320738       0.98382821700326495       0.99150372806871190       0.98466592854851009     
  0.88172724797759738       0.78396394847615547       0.93867418131039693        1.0691273374232355       0.92904797384791549        1.2106103028935991        1.1023204107846847       0.73670532431017066       0.90549268688937923        1.1035842784417331     
   1.0000000000000000        1.0000000000000000        1.0000000000000000        1.0000000000000000        1.0000000000000000        1.0000000000000000        1.0000000000000000        1.0000000000000000        1.0000000000000000        1.0000000000000000     
   1.3470097837571580       0.78203124160851756       0.84704247920515152       0.87311904538783403       0.91892115345651804       0.81601489989748544       0.79505510592609119       0.57892274278807321       0.66414001221955221       0.79754364165305081     
   28.536345124310024        18.466707428207847        11.762497083177948        30.803342649078886        11.410071216357682        0.0000000000000000        13.113999120555253        9.9912621184256896        11.904925001955345        9.8199858688077271     
   12.010753942354450        6.0138421274574814        10.869484733152957        12.145942688631962        8.8628009077001355        0.0000000000000000        12.949083271051574        12.118330777432456        10.409820462526008        14.395737929073473     
   7.4695038751328422        5.7305152488493780        14.470870954296524        10.661373126043737        15.138731568541429        11.233629566689185        15.072688977096826        13.108286798074468        15.408680115388805        12.744100948988860     
   5.9737496939177559        20.255426064533669        22.671272653118343        11.142315125509914        14.390881190431870        12.635550458931261        23.834753682698455        13.443136397312649        9.9274492498282658        9.3258539238144476     
   9.6226263925959579        5.4036725366547129        10.618941519943938        12.274879512395891        14.023686809197020        11.752276024748390        13.453755309275152        11.552327011417448        17.328689522722517        12.635887288245231     
   6.8837118973960703        7.8625318311938495        13.485688765097505        10.297490775474591        25.361828354865541        13.724336885378735        11.620839745629169        15.538389199073990        22.599936189484524        22.914510984750112     
   5.0331086923576551        8.0069223340715929        13.905672144955858        13.648863756098846        14.136561973196205        14.988208816550305        11.479975219528633        10.418905251112884        11.843165581391261        14.431289606447770     
   14.268207673184726        13.956531026681084        13.398280174769065        8.8993267686667643        11.318553827986452        24.803200621127665        7.1507196587575956        24.499594203480513        11.939212883909319        12.007316925643282     
   1.8483520101087222E-002
           1           1           1           1           1           1           1           1           1           1
   7.4419526934606489E-004   7.1397704850544204E-004   2.7427806348562077E-006   11.495065843111185        1.9155028944776428E-005   1.8206677665447498E-008
   5.0164240544253827E-006   5.3924145039456708E-006   7.2932723304789373E-007   5.8916329100625449E-002   7.2909447680697857E-007   4.6719832380655961E-010
   5.0000000000000001E-003   13.172367243086821     
