   0.0000000000000000        0.0000000000000000        0.0000000000000000        0.0000000000000000        0.0000000000000000        0.0000000000000000        0.0000000000000000        0.0000000000000000        0.0000000000000000        0.0000000000000000     
  0.18970682544452991        4.0134169762437747E-003   6.1264163082379742E-003   1.5678685441291217E-002   1.5366224905910752E-002  0.34682527118780559       0.16938016864855393        9.2915642421463718E-002   8.1343375707563684E-002   1.5615609298481830E-002
  0.95540057258125854       0.85902821547938191        1.3466530951775075        1.0651439451427205       0.78024350114518737       0.57650496236121984       0.70293593069459459        1.0230120455168217        1.2885006418214364        1.1332023846430490     
  0.29277032517320883        7.8541187333146835E-003   1.2162250082679311E-002   3.3201759676254654E-002   3.1962336330255109E-002  0.49822400130018318       0.24411380709027600       0.16031280251518690       0.14597264701143861        3.1056865212368560E-002
   1.3898201292235366        1.2911471445332636       0.94249348521359200        1.1671834628236761       0.95408828022105208        2.0184836602972602        1.1792281458093881        1.3134466715234729        1.4344592245887700       0.89197120577644184     
  0.35118488465319264        1.1412391024145638E-002   1.9783696943091879E-002   5.1694369855406548E-002   4.7011118543938218E-002  0.53284735069941691       0.27448684171270482       0.20980214388909707       0.18754009253653223        4.6464837934403251E-002
   1.0409337701899630       0.88428086441097931        1.0780076762913200        1.0503571035852139       0.96459561488540257        1.1703077049951014        1.1661424392309403        1.3908490759646757        1.1573114246403717        1.0809988704161320     
  0.39813760239283252        1.5094053501783783E-002   2.7183051429897215E-002   6.8810231050442275E-002   6.2059357428952466E-002  0.55841150610331980       0.29733021178384927       0.24711862446329572       0.22093454665867254        6.2295030037070230E-002
   1.1005380931821531       0.91145344574934206       0.79750443185272790        1.0574147621659558       0.92395014508462736        1.2353810428715746       0.98973912008259346        1.6144325799519921        1.0539399848832902       0.96702128729243386     
  0.43856867913736386        1.8875356214131236E-002   3.5573305260373167E-002   8.4041518173054219E-002   8.0104697904729641E-002  0.57528513597910336       0.31415641243624337       0.27744804011381019       0.24789351661360653        7.7960313860623826E-002
   1.1249915607030820       0.85202689579053748       0.92551429759891013        1.1408364642119504       0.95476763283657662        1.1200932685258937       0.84739623065146952        1.0572781882207014        1.0120740309571936        1.0179554244260260     
  0.47564131031755802        2.2679403329806752E-002   4.4661872197162902E-002   9.9613851122324626E-002   9.7292891873190790E-002  0.59241249768957871       0.32905408833794447       0.30274991574790022       0.27877053522479411        9.3335897126747877E-002
   1.0139777686854230       0.70475018479471407       0.88454931232692857        1.1784998094473185        1.0272450039511776       0.92661820221629454        1.1439180824879560        1.0351178828362486       0.69617899062080524       0.77233279026234014     
  0.50594864102186010        2.6475079431164842E-002   5.5784787265670724E-002  0.11541208646049080       0.11474017050878994       0.60703142058707460       0.34286915806958340       0.32776204681937254       0.31272697684412787       0.11178246897054124     
   1.0812549702292569        1.0538955600002926       0.82521808318944989       0.87263804567905878       0.95780965651286842        1.1319990830747424       0.87322681354823894        1.1056347739455419        1.2486137399068487        1.1214515410725396     
  0.53198259662877811        3.0331753649317027E-002   6.8683069995355034E-002  0.13103681283490434       0.13316755755689125       0.62253720116692801       0.35657677941154498       0.34949217266339294       0.34481657165955126       0.12745047647377539     
   1.1108860039467900        1.0163386494656985        1.1199726821076870        1.0807686628210471        1.1049707889243761        1.1111280031417838        1.1457688574461065        1.3329808223853885       0.83286721053731338        1.0568188701555863     
  0.55566963533644753        3.4403288478029405E-002   8.5434046785123480E-002  0.14637809965530130       0.15022594710647841       0.63613711251530569       0.36904100243157290       0.36605988603496431       0.37363339693863240       0.14302843236962479     
   1.0077128129857609       0.92542035861525429        1.0891867811094478       0.89608776878835428       0.99654139168889144        1.0215501235929099        1.0599116941951137       0.97863062945423884       0.94162299220617174        1.1047085754124326     
  0.57682246654308411        3.8722748622945793E-002  0.10312415994962199       0.16206280329586584       0.16606793369352285       0.64839426635888808       0.37902266175750754       0.38265470108176008       0.39973920683847342       0.15783034765923504     
  0.90235452270234717        1.0847750600675941        1.0903779620813443       0.88556231167820165        1.0159009605938158        1.0637073248968802       0.89035749516952389       0.87834850590504865       0.96540433275849702       0.81044744585232575     
  0.59693597528188225        4.3363572605792350E-002  0.12173091397247628       0.17860324675234515       0.18213118417100285       0.65989893971035507       0.38855288037025615       0.39787674467828654       0.42465031952120041       0.17241922007197966     
  0.92380711932713167       0.99225356602464576       0.90883921373415111        1.0502402339260397        1.1007130462757404       0.77438877874769707       0.92056844388877135        1.0446791952995917       0.92733833484691630       0.85263302977544042     
  0.61649889699083715        4.7924328571953348E-002  0.14370943459970523       0.19626323076171764       0.19867183148196202       0.67052311727155145       0.39758804239774226       0.41326444587477629       0.44887587514456634       0.18774363403989452     
   1.1188665127505717        1.0640040544135003       0.91966966832016717        1.4464568341382380        1.3238847958139064       0.89945859173030485        1.0050629845243557       0.83309664740468858       0.82541791821035926        1.0282939131851001     
  0.63526738761138868        5.2595779200648014E-002  0.16736450094544750       0.21463874221626972       0.21505337514003248       0.68023742949730026       0.40700894606813665       0.43023726132224560       0.47090893301872178       0.20421357933718906     
   1.0152078324897720       0.85552885239734822       0.99640735896499977       0.97370080779271695        1.0127360660316549        1.2264824842245317       0.87678468439478630        1.0730158033804926        1.0576923719639864        1.1619291008798045     
  0.65254637170446361        5.7705413079468026E-002  0.19356513605355699       0.23324576522135998       0.23074129139376212       0.68957893072911725       0.41660479532176575       0.44710268998056596       0.48995360745347610       0.22075645636351218     
  0.88939298939131495       0.96536300032809508        1.0144695244329198        1.5110151940867331       0.82969392014931564        1.1244032943157787       0.95153151479303266        1.2292408370354375       0.84854407971297219        1.1519495224636034     
  0.66780965943060100        6.3365081818190810E-002  0.22113171725686401       0.25110961515899999       0.24562078542904323       0.69853436462449459       0.42632213299766736       0.46310699519722615       0.50763307484460574       0.23678133752712388     
   1.3964419817685514        1.3573697455924183        1.1057305112353046        1.1208360343790147        1.0688947784975007        1.2179942980273635        1.0343222485023527        1.0505277779542335       0.65887671789130242       0.85061548360369665     
  0.68218415208831662        6.8925065896292645E-002  0.24982745213030910       0.26783489249849968       0.25967674903835047       0.70732242789225064       0.43562581832349739       0.47861357383590225       0.52539229910543284       0.25226542821601960     
   1.0422982490725816        1.0222810313633275       0.85172823039731271        1.5271567474019740       0.96970865427838238        1.1403497878290545        1.0407232501303456        1.1561546040753787       0.97574798096689552        1.1385345083288529     
  0.69595730717168813        7.4153165277006217E-002  0.28077250478202442       0.28242818475357051       0.27333753484252832       0.71573066813736208       0.44404056476869858       0.49481065537314539       0.54407289038441364       0.26752075813394338     
   1.0652817162877724        1.0155729728368232        1.0773548831161335       0.89093443706998054        1.0705474168350202        1.0070325682927408       0.97123982417819155        1.3058652319312289       0.95069743328734213        1.1497580881806098     
  0.70966656858068511        7.9298215924241411E-002  0.31578960970599246       0.29679157043813903       0.28738578350775512       0.72466232141997322       0.45203158330365761       0.51092701571472099       0.56264112339644246       0.28321390746642094     
   1.0805582227815269       0.80049338328947139       0.93041974249510861       0.97302941093282802       0.85397782280825818        1.1612408620664860       0.97541306343070666        1.0462138595558668       0.99735325683973641       0.94892572798440278     
  0.72248303989595319        8.4442225822979791E-002  0.34945393041402067       0.31090953333955662       0.30184874086704516       0.73347473221811565       0.45958670988883721       0.52692586671724972       0.58070426261448138       0.29927324205640815     
  0.91823358354237095       0.92399879574488875        1.0650505345867802        1.0082955947173591       0.90591998508981342       0.96088977341710036        1.0489782702704720        1.0949982333964241       0.90420648781406809       0.94838404501421369     
  0.73499590155869110        8.9983250924096619E-002  0.37988132081180614       0.32508221163463419       0.31723539728041134       0.74173752241209601       0.46702190350111544       0.54253500742426553       0.59789671602540406       0.31561936968057525     
  0.78787855147941277       0.92293570384853518        1.4962114259135419        1.1088035905872711        1.0740466496894820        1.3267795602974901       0.99710090717176048        1.1120029187662384       0.77826660345925380        1.1962737654472275     
  0.74678607523920548        9.6134880630865754E-002  0.41004473900881588       0.34050752607950519       0.33377754737093790       0.74961517065430439       0.47432209981607931       0.55789204344683241       0.61509853610241461       0.33363040686501072     
   1.0657365180114404        1.0419611427433033        1.0573768744813357       0.98357991528675170        1.0619122024887324        1.0689891245561536       0.95252380903425360        1.2340240213221771       0.91483167645491281       0.83983725945901166     
  0.75833220453022754       0.10252925432699507       0.44206457469220783       0.35724418041866979       0.35041443847209380       0.75687999798460726       0.48129463802203404       0.57226635204693599       0.63184931314144765       0.35145938211758226     
   1.2403722046501469        1.1339612555757461       0.96688548717287681       0.86909669607884787        1.0464042403059894        1.0429026609617811        1.0889854499884937       0.88864233038354989       0.90460916882991271       0.93368869667259402     
  0.76964825541747461       0.10920997357075582       0.47724209563407216       0.37403518725158802       0.36619188777094774       0.76354170559918877       0.48838467316131734       0.58477230472347419       0.64846792721622892       0.36950146629499847     
   1.3739678322273166       0.94859135227932723        1.3509492565717423        1.0245635553122188       0.86562081057403484        1.0421738857049534        1.2057128264859232        1.0026597297177264        1.0593940409115912       0.99745340285574990     
  0.78032113937905079       0.11599546412962625       0.50983983500303065       0.39148018847480320       0.38274652346129057       0.76980797378637977       0.49561526150207652       0.59560465390292361       0.66324405802755759       0.38611018900129923     
  0.94854953921578300       0.88097175446268761        1.0661839758625327       0.92115857663363387        1.3972650933537947        1.0523847933099408        1.1765011423782863       0.80304664759660593       0.99230399923587209        1.2020384659354360     
  0.79056945131555689       0.12283799651454533       0.54270126058223045       0.40942302724202784       0.39982889920340547       0.77597038361669046       0.50245596180768282       0.60571750394895774       0.67629945017979687       0.40341696073713479     
   1.1580802001245525       0.90825050317152711        1.1797775926692888        1.3777525081502167       0.94131141155911746       0.94831810794414184       0.89256276646084476       0.93227696259440385       0.74047892270974502        1.1987904181616440     
  0.79976010958226973       0.12968287761324243       0.57217818883463667       0.42621475976179618       0.41741355270531350       0.78219748415628010       0.50914994194843988       0.61626773280593661       0.68789731379959596       0.41961559730299069     
   1.0440571769102038       0.93479482047796381        1.2893459311064452       0.97092820362898957        1.1692212254953214       0.99971681461402329       0.92557460697641125        1.3313981830441974       0.80316230688022539       0.94036744593105381     
  0.80821578009047734       0.13660320150289151       0.59979914316606009       0.44325971929889840       0.43507987617030347       0.78852730362852874       0.51554839794461815       0.62780889647614979       0.69946907757263821       0.43705189649874604     
  0.80761976144406245        1.0060971680596360        1.0580668898087100       0.97745600901503937        1.2626213228041916        1.1834415260887701       0.87809731102447575        1.4778581153954939       0.85854244920033340        1.3481593543791042     
  0.81626964053634110       0.14342768051585994       0.62450997752666160       0.45961507196475937       0.45232913433059441       0.79477308159722493       0.52166129470484413       0.63911589653702627       0.71201418086966473       0.45366264977331183     
  0.77216366737561237       0.98034731620552218        1.3587444889700409       0.93353261305288815        1.0609409873604401        1.0332699358118824        1.2118287831702641        1.0754702972906960        1.0394658833765462        1.0443083455531996     
  0.82429491123225740       0.15069971041818095       0.64935183363436488       0.47505481891506940       0.46970147097879544       0.80055852175300268       0.52783252443962136       0.65028183273384998       0.72574669422143612       0.46949092090239664     
  0.90248972708167496        1.0372888442807680        1.1920681293832949       0.94206008507977479        1.0112246267231331       0.95112621129222474        1.2664580488015309        1.0049610014379875        1.1202743474723689       0.88069015439740916     
  0.83239994038776965       0.15679164437620244       0.67435380592765992       0.49031412659390722       0.48677297609034570       0.80618660675141052       0.53443851372468598       0.66126675081215103       0.73968114408756058       0.48450058907504706     
   1.1350103044476882       0.86367502340662439        1.2808296766632699        1.2424691036057542        1.0070154513360885        1.0277070986296750        1.0075461726404547       0.82724270626099772       0.99338901958162662       0.99131212598728835     
  0.84053569698510022       0.16178317126042052       0.69990314548580423       0.50522666690150897       0.50363746012113719       0.81190229327160246       0.54090109714615908       0.67221954706970055       0.75224124802781567       0.50058934690120360     
  0.89724512691614944       0.62343111386037420        1.0371868516538512        1.0022583692207632        1.0761522057973507        1.2105599733461931        1.0926623577237549        1.1758968757020802       0.98271395770337833        1.2405691384327380     
  0.84878884195107973       0.16658733307005014       0.72320542166945212       0.51542248851444339       0.51912731831090586       0.81746800955649557       0.54707849050421442       0.68325043011558317       0.76431055585720453       0.51519245200093933     
   1.3608286248237240       0.77449936832007227       0.96878287048427825       0.80992830375896885        1.1312932069210524        1.1432890564571210        1.0569632804237199       0.94183593576353142        1.3494951725008906        1.0572003297317876     
  0.85717670312305083       0.17144173659640116       0.74087651540999944       0.52569525315959320       0.53457952569287659       0.82289633559818953       0.55332486435209272       0.69312588930025265       0.77628853895864114       0.53070381881528839     
   1.1860550491886808       0.83888867697537794        1.0731623538622177       0.83632653373004007        1.0720909851917946        1.1132497562799781       0.99358276332953877        1.1191030503763895        1.0170034082904600        1.0776308461457784     
  0.86507555361187938       0.17789711417491080       0.76080857804239210       0.53603875645336829       0.54918999978734317       0.82797949915253843       0.55954069586007582       0.70225269833024895       0.78776121468770910       0.54722721846800859     
   1.0598973199028889       0.89005788486460236       0.90365581642877568       0.88507378317020413        1.0018080093687403       0.76842717415927575        1.1537654030432529        1.0383284747373451       0.95298392658835007        1.1290980212923758     
  0.87213042960853560       0.18671494787823653       0.77988494040965584       0.54655001467923947       0.56408717857759216       0.83321051655430967       0.56568333781508184       0.71058301669750934       0.79797238604610554       0.56295882541853359     
   1.1236368594598971        1.0083526242373679       0.90786896772199666       0.69871367410302854        1.2722668281226504       0.91471727522975654        1.0056880322721549        1.0016862866322414       0.95004599333919504        1.1454057619161389     
  0.87846051071848663       0.19597548337727755       0.79890575144308740       0.55985851595372482       0.57876420848325616       0.83856511623015284       0.57171065307977431       0.71839764595856892       0.80726978773713720       0.57778321719751469     
   1.1588183659766385        1.1300009942807185        1.1545792941581823       0.95377331484284611        1.0139615188346134        1.1826396374671806        1.1769418982822735        1.1025200223267033       0.97763069553256887       0.73930860210417471     
  0.88465413892126832       0.20570932970511829       0.81600663166664589       0.57518620600369885       0.59344583439937260       0.84385210072306727       0.57755762706163605       0.72728577906256664       0.81692007451661974       0.59151450879280132     
  0.89337407766170318        1.1561044691730546        1.2453373782857151        1.0128425453684384       0.85867330937440356        1.1144879440667197       0.93931717914114232       0.90262735720421761       0.89450111392306519        1.1763374959892439     
  0.89105417397930398       0.21596840174937973       0.83089087914635396       0.59148056665121462       0.60829501696441834       0.84934090043362798       0.58339569105815148       0.73633019620668116       0.82670325886568052       0.60495524834411496     
   1.0481552054106777        1.4749746250124542        1.1648653349516278        1.0287064961329297        1.2011548549672515        1.1986263596787625        1.2241503647804248       0.85472120229539017       0.99685874163975619       0.98371260637713331     
  0.89757546983588310       0.22670370375714852       0.84464836041173463       0.60768854551797391       0.62310304676135320       0.85492242742903801       0.58909612834016301       0.74550807465578017       0.83688833900087978       0.61938275781167018     
  0.99520774429447623        1.2447316988428414       0.98254332657513455        1.1008352119969327       0.85651035928532304       0.93049522640980975        1.1541713222725218        1.0708802720056048        1.1374137870378367       0.84629633915593372     
  0.90404127193948158       0.23750631603493702       0.85746844142606116       0.62282390233776264       0.63769024811720443       0.86056774073052811       0.59468134018512120       0.75435713711752950       0.84678547562274520       0.63532698336660010     
   1.1036405790199146       0.98129298613818250        1.4102493542233130        1.0305739063696691       0.98830213685944257        1.0649722411966109       0.92639806072996433        1.0562151675261895        1.0423324747691609        1.0276823725387363     
  0.91012766946310764       0.24857664861037615       0.86894886254894144       0.63774058624386643       0.65390166092670232       0.86614756906836843       0.60005185741937028       0.76348582763201955       0.85566503226227986       0.65093938313804600     
   1.0173380983226501        1.2057922299990276        1.0498968292702930        1.0939703822481357       0.81205612212890088       0.86890763289793815       0.90728238614649637       0.99923625248268033        1.1691319020460194        1.2158559135952971     
  0.91598101583382130       0.26019393791841533       0.87934855633586129       0.65285241765989854       0.67010143983754433       0.87172137040582776       0.60552131489374028       0.77353512542319103       0.86400485193917487       0.66613926610652874     
  0.92155252750357541       0.93381998254860643        1.3268540138498748       0.82677494274651664        1.3062326997436444        1.1643449770631393       0.92921855216066851        1.2082635193710931        1.0391847435432591        1.0097288091575181     
  0.92127147641333296       0.27313359358190176       0.88932713699001720       0.66881933195534193       0.68678622337562667       0.87731615264001639       0.61125157123363094       0.78360387815207067       0.87216285123237824       0.68145977879259756     
  0.69569870467218486        1.3065652619460804       0.87769575267547262        1.0472418581623577        1.0231244845502794        1.0319937367774943       0.97479332281190334        1.4069291313412733        1.1787401734222456        1.0948970602188923     
  0.92632466312016715       0.28704000928714196       0.89926286962262125       0.68458031145850307       0.70258214535959906       0.88272528956867047       0.61701257727730008       0.79341901780690993       0.88081655315811247       0.69871080779083083     
  0.97944097939258068        1.2416964885000514       0.95964175487649195        1.2529727183278818       0.94850888195578109        1.1074781611494919       0.74996676973939802       0.96534834125849389        1.2186840451276222       0.92578173769693173     
  0.93119844131896667       0.30166687916843782       0.90860818433044122       0.69981339943316534       0.71866225852883758       0.88774512899617786       0.62262455282658524       0.80289786735493096       0.88888076300183572       0.71373977166344227     
   1.0690688299478712        1.1657351763705959        1.0787473905487814       0.79664643088208464        1.0551033855498386       0.87387879426641624       0.74001036844674328       0.97493306033626947        1.6307455087007778       0.91651949454934656     
  0.93599474510457725       0.31545134422378440       0.91705074115714680       0.71610267774686254       0.73248631761702221       0.89234123851619607       0.62828068674053827       0.81189141800190379       0.89691924017389524       0.72628094061004311     
  0.95028382555529145       0.92103844394970646        1.0680333976468992       0.84098876909074749        1.1470492617005352       0.79488322980616710       0.77714395355201438       0.99764235199050755        1.3084154151523906        1.0692255078587598     
  0.94033479014561250       0.32887697325205206       0.92489242295412721       0.73205110500268289       0.74288179316933134       0.89688660800696096       0.63412017904474671       0.82006457488940321       0.90341141334651298       0.73708336916299710     
  0.72099351606886997        1.1161016100671661        1.0963376647363654        1.0077478057523166       0.83489031292612670       0.98475089216699285        1.0561315905974029       0.86355808558964209        1.2563364852469630       0.76591498004210945     
  0.94484026869943927       0.34119680570076122       0.93255725600619477       0.74817291313472012       0.75496506423833787       0.90122800981750906       0.64017268077048239       0.82824966805587408       0.90878232873628817       0.74876602690986582     
  0.83759544346848303       0.89915312752882659       0.87462791713882360        1.1005597495628752       0.93989339267098504       0.80193850971077973        1.2847806778203203        1.1472812809788124       0.98863176651272122       0.67197847046858616     
  0.94932911651742535       0.35684993065700343       0.93984760842650816       0.76329702037191161       0.76718997788446086       0.90544778371689572       0.64616384115689285       0.83638835322952243       0.91437434237198267       0.76041009852255315     
  0.83756310550125068       0.88629448200464511       0.75040178818559866        1.0905088860294359       0.87281146860122205       0.71164953224898642        1.0195266559202290       0.90123738819199550       0.90516063034150473        1.0548428481152559     
  0.95362596196367155       0.37464612997203517       0.94671237009694431       0.77688921029655178       0.78067830016640771       0.90967188399756871       0.65294001321556550       0.84506805852572531       0.92000762578176098       0.77639638390123311     
  0.97243062250433432        1.1918614524453897        1.0190804245993226       0.83021943385598007       0.81034296027973651       0.85836456875024048        1.0324438597171206       0.93784886187289396        1.0053753605622102       0.91574639982003281     
  0.95750077273711554       0.39441772478658449       0.95318634604943253       0.79067133233767228       0.79635854356651070       0.91401733004515906       0.66024795818882287       0.85414155467149522       0.92490546337331181       0.79280607239118117     
  0.91784294694345303        1.4003057370820291       0.91710660597905069       0.80993453890222888       0.91189797224598557       0.96984582505591943       0.95974404854874829        1.0572877957838289       0.80932341468533908        1.0842338911743854     
  0.96108385801276386       0.41348158102155469       0.95948765417761250       0.80549318218212052       0.81209861854390486       0.91840220518190341       0.66785583023468542       0.86317192859427083       0.93130299931761540       0.80936761958074743     
   1.2970239778723471       0.85008843157354286        1.0649389474091642        1.0203715164101164       0.85444857563662513        1.0246403129673047        1.2115843375973416        1.0890740380386621        1.0419519686932281       0.96536380142221379     
  0.96466318842873633       0.43186595080600765       0.96521474698032528       0.82090240580493745       0.82686312191406119       0.92342636714748483       0.67599166261248744       0.87217100187758456       0.93768856829621638       0.82731422491928397     
  0.82600260762190147        1.1137147123524822        1.0152876032570637       0.91893092740952220        1.0352669332970066        1.0234938305261854        1.0210817361259890       0.80059433630735244        1.1694356292080572        1.2683529281797556     
  0.96841797988840828       0.45151567162297995       0.97013005008480457       0.83697956190606304       0.84216611080631121       0.92853317184773876       0.68486920271849794       0.88100232024522307       0.94391643093128996       0.84446894272290529     
  0.90994887630913923        1.0090671025354434       0.88850019026760019        1.1104038640817182        1.0719003369780147       0.84542530188531184        1.0331431021511872       0.76027256394689779        1.0560005608148566        1.1667522384726809     
  0.97194630919950975       0.47472101072376471       0.97451520180377715       0.85363374924414381       0.85802899445833936       0.93376815610599539       0.69437040791817362       0.89027759993906253       0.95003302723721350       0.86049545485468459     
   1.0696884030478830        1.0610791367944754       0.84996648054432655        1.1773386287089076        1.1064975204067551        1.0139278978105852        1.1702866124976088        1.0447359764775528        1.1796262770194952        1.2177381422972344     
  0.97536610674558899       0.50271817817476905       0.97863738641440623       0.86946381654501648       0.87563644330829182       0.93877972607343341       0.70403937775862113       0.89977848140268224       0.95629195230505049       0.87692197914295877     
   1.1040859743433307        1.0728452903217158       0.86649141248015216        1.0388820415177751       0.85573391985312397       0.91180487355470263       0.93626985565686371       0.88988973767818369       0.91166235515449379        1.1335237922408194     
  0.97881212147857199       0.53015796914351232       0.98248698536158141       0.88475305343243071       0.89195300075744677       0.94377848484125137       0.71381895336384615       0.90961644688767995       0.96158451824713220       0.89168395757387287     
  0.97774222949286294        1.3346553869787809       0.85152741197475745        1.1101990688166696       0.86684901032539352       0.97914774157771989        1.1145458851689942       0.90926203250469040       0.86924230703964767       0.94328266682537487     
  0.98198143352375467       0.55751301553703214       0.98603397048023156       0.89935384916752859       0.90694668604980677       0.94863742587830258       0.72263030397151551       0.91967890002357922       0.96704921924049014       0.90596590856095849     
   1.0138414685072659        1.1887289918098871       0.89598614230270646        1.0097282249615371        1.0012523642358055       0.79996980751829549       0.91247526345092522       0.99834837436220780        1.1664341408632211       0.89465258557796457     
  0.98452249168502759       0.59019041030351593       0.98926465512471995       0.91338567892335454       0.92164050198502279       0.95283864310240085       0.73158669016953748       0.93016836290851412       0.97269438396066654       0.92128061764828084     
  0.99178804976038304       0.97374248850407685       0.91757888176101754       0.89990082252018722        1.1176574523719267       0.87880000355060950        1.3221113956600892       0.84447634871356669        1.4088993286816780        1.0225947561522049     
  0.98693318005688668       0.63296684534330727       0.99185986671386828       0.92891688718054066       0.93661165410947556       0.95738253373000171       0.74432147900538581       0.94126038320539884       0.97824916630196679       0.93753362539607743     
  0.68024524955465737        1.1026546934281203       0.72796349952977724       0.99323035503635959        1.2622730041197174       0.83848738094360797        1.0548423760457102       0.68013430581109102        1.0212253257022457        1.1757149579807999     
  0.98935081275246928       0.68035954319846903       0.99408624362757625       0.94520236452102058       0.95226149588948883       0.96256815403973528       0.76195160077698543       0.95306016743313904       0.98359601802390073       0.95496651384722375     
  0.86082961190649088       0.98962746740133611       0.91713872662748741        1.1437337595812163        1.1744864386414011       0.89148231642079734        1.1125364199279133       0.87701729587713662        1.6632660697443795        1.1210644935807872     
  0.99188035518815176       0.74507525772454475       0.99627317828615725       0.96227783639708642       0.96892926404705693       0.96871164297379198       0.78496763189353347       0.96566352745359874       0.98893525946574012       0.97081078721513137     
   1.0980529446915106        1.2324286717139661       0.83659935112513284        1.0619112966998545        1.3526614974011790       0.89745623976085220       0.95200785343712035       0.69586284961219058        1.3614695232275305       0.94356051815091391     
  0.99566851035926607       0.84645347962646389       0.99821879951183257       0.98094884177827690       0.98511245946857229       0.98222428954718377       0.83953439665826124       0.98130212284159457       0.99448931622350112       0.98526403836556642     
   1.2870615333530253        1.1732165066707505       0.97799912984013593       0.96929041240133906       0.89433414581397197        1.6181803989605288        1.4032090480621675       0.77991623295577139       0.91258991154286273       0.96000749363238813     
   1.0000000000000000        1.0000000000000000        1.0000000000000000        1.0000000000000000        1.0000000000000000        1.0000000000000000        1.0000000000000000        1.0000000000000000        1.0000000000000000        1.0000000000000000     
   1.9331093322677817        1.3136237643995197        1.0053964357432406        1.1395663193018437        1.3506325015436178        1.2121507816235713       0.94615256915773827       0.82674381723207002       0.76289175968933853        1.0602935471071557     
   10.133758565188590        20.230260731654479        17.919497883595429        12.223289431258285        12.920111454346717        0.0000000000000000        10.437979258515126        15.533749952208705        14.035379510493431        15.704846096097057     
   13.983817110003184        12.770546380994032        4.3711872303786361        13.847437986885286        10.107778065562774        0.0000000000000000        16.966452780772347        14.196608674247072        15.087354452718085        10.644585826361343     
   12.586182710712864        11.688838661487594        6.0983164310882305        14.069980624422056        19.002945479604602        11.110248854959542        12.147464116595421        12.186356717087863        14.983323167381400        15.146472275259255     
   15.082459992932264        6.7444910598437859        7.5102562387296636        10.412306900321765        11.997404337015395        10.095764490174538        12.850676537369781        13.866371425445639        11.206648343731686        12.463009064313619     
   13.154078620671019        10.215384002691325        8.9639023329629648        13.037978468155371        15.097763478193226        13.099538416203814        18.012886406275516        12.794982160721576        10.554086675288199        17.720619627014297     
   15.432414396730032        9.8352525046945978        10.779491307524758        14.528796548630162        9.0708247367343855        14.390608285592997        14.516755070778464        13.763980180533739        16.356343988334377        9.8056115655325353     
   14.606522485750814        10.241867913157687        6.7744150832073879        16.057053991852950        14.101521381861348        13.713656673697052        12.860776266193575        17.410549921042950        14.519848395597540        10.364929414142527     
   16.062390204439200        14.032405093362948        20.732790482620011        15.655175699384149        12.812072095490279        16.022506084745132        10.624671459674659        13.548837120478096        12.477216722750612        13.862213459691050     
   1.9302079964784558E-002
           1           1           1           1           1           1           1           1           1           1
   2.0192145226699131E-003   1.8982057465614501E-003   3.1897947256144180E-006   11.245513240178639        3.9129618789737668E-005   4.0686738807248188E-008
   1.0933825016071758E-005   1.1078203834158419E-005   1.5784506673126179E-006   6.9963285648571669E-002   1.5781861065750735E-006   1.0505332921075463E-009
   5.0000000000000001E-003   12.569682663203796     
