     
 Soft #          21
 ME*wgt:
  0.99947400781120754        1.9286443427738113E-013   1.9296593285076368E-013
  0.99999123321343575        1.9296424115961620E-013   1.9296593285076368E-013
  0.99999999306805054        1.9296593151313359E-013   1.9296593285076368E-013
   1.0000000082527392        1.9296593444326117E-013   1.9296593285076368E-013
   1.0000000008982073        1.9296593302408707E-013   1.9296593285076368E-013
  0.99999999993414668        1.9296593283805623E-013   1.9296593285076368E-013
   1.0000000002252243        1.9296593289422431E-013   1.9296593285076368E-013
   1.0000000193980807        1.9296593659393240E-013   1.9296593285076368E-013
   1.0000000005000000        1.9296593294724667E-013   1.9296593285076368E-013
   1.0000000000500000        1.9296593286041199E-013   1.9296593285076368E-013
 wgt:
   1.1111111111111112        7.2989799782616866E-003   6.5690819804355175E-003
   1.0101010101010102        6.6354363438742613E-003   6.5690819804355175E-003
   1.0010010010010011        6.5756576380735917E-003   6.5690819804355175E-003
   1.0001000100010000        6.5697389543309496E-003   6.5690819804355175E-003
   1.0000100001000012        6.5691476719122377E-003   6.5690819804355175E-003
   1.0000010000010000        6.5690885495240676E-003   6.5690819804355175E-003
   1.0000001000000101        6.5690826373437823E-003   6.5690819804355175E-003
   1.0000000100000004        6.5690820461263393E-003   6.5690819804355175E-003
   1.0000000009999999        6.5690819870045988E-003   6.5690819804355175E-003
   1.0000000001000000        6.5690819810924261E-003   6.5690819804355175E-003
     
 Soft #          53
 ME*wgt:
   1.0089554504803053        8.4064505454033857E-013   8.3318352077899579E-013
   1.0000769124374456        8.3324760295441837E-013   8.3318352077899579E-013
   1.0000000940082703        8.3318359910513734E-013   8.3318352077899579E-013
  0.99999993376406271        8.3318346559230432E-013   8.3318352077899579E-013
  0.99999999261436145        8.3318351462540342E-013   8.3318352077899579E-013
  0.99999999941439455        8.3318352029107898E-013   8.3318352077899579E-013
  0.99999998730016038        8.3318351019769867E-013   8.3318352077899579E-013
   1.0000000684854324        8.3318357783992948E-013   8.3318352077899579E-013
   1.0000000004999998        8.3318352119558735E-013   8.3318352077899579E-013
   1.0000000000499998        8.3318352082065471E-013   8.3318352077899579E-013
 wgt:
   1.1111111111111112        8.0151656312194050E-002   7.2136490680974635E-002
   1.0101010101010106        7.2865142101994615E-002   7.2136490680974635E-002
   1.0010010010010011        7.2208699380354999E-002   7.2136490680974635E-002
   1.0001000100010000        7.2143705051479781E-002   7.2136490680974635E-002
   1.0000100001000012        7.2137212053095173E-002   7.2136490680974635E-002
   1.0000010000010002        7.2136562817537470E-002   7.2136490680974635E-002
   1.0000001000000103        7.2136497894624438E-002   7.2136490680974635E-002
   1.0000000100000006        7.2136491402339589E-002   7.2136490680974635E-002
   1.0000000010000001        7.2136490753111127E-002   7.2136490680974635E-002
   1.0000000001000000        7.2136490688188282E-002   7.2136490680974635E-002
     
 Soft #          93
 ME*wgt:
   1.0205618318794578        1.0961189230200040E-012   1.0740348000291183E-012
   1.0001770091895681        1.0742249140586394E-012   1.0740348000291183E-012
   1.0000002634076706        1.0740350829381231E-012   1.0740348000291183E-012
  0.99999985276183490        1.0740346418902050E-012   1.0740348000291183E-012
  0.99999998352373931        1.0740347823330409E-012   1.0740348000291183E-012
  0.99999999834385478        1.0740347982503607E-012   1.0740348000291183E-012
  0.99999999735065681        1.0740347971836315E-012   1.0740348000291183E-012
   1.0000000195753873        1.0740348210537654E-012   1.0740348000291183E-012
   1.0000000005000000        1.0740348005661358E-012   1.0740348000291183E-012
   1.0000000000499996        1.0740348000828196E-012   1.0740348000291183E-012
 wgt:
   1.1111111111111112       0.31371453549456180       0.28234308194510560     
   1.0101010101010099       0.28519503226778342       0.28234308194510560     
   1.0010010010010009       0.28262570765275835       0.28234308194510560     
   1.0001000100010000       0.28237131907701329       0.28234308194510560     
   1.0000100001000010       0.28234590540415960       0.28234308194510560     
   1.0000010000010000       0.28234336428846990       0.28234308194510560     
   1.0000001000000101       0.28234311017941666       0.28234308194510560     
   1.0000000099999999       0.28234308476853642       0.28234308194510560     
   1.0000000010000001       0.28234308222744869       0.28234308194510560     
   1.0000000000999998       0.28234308197333985       0.28234308194510560     
     
 Soft #           6
 ME*wgt:
   1.0046879816077883        6.0833979637255421E-014   6.0550121780001431E-014
   1.0000455349279744        6.0552878925435527E-014   6.0550121780001431E-014
   1.0000001032383332        6.0550128031095073E-014   6.0550121780001431E-014
  0.99999996511489864        6.0550119667704292E-014   6.0550121780001431E-014
  0.99999999612227308        6.0550121545204593E-014   6.0550121780001431E-014
   1.0000000007958196        6.0550121828188412E-014   6.0550121780001431E-014
  0.99999999945933327        6.0550121747263994E-014   6.0550121780001431E-014
   1.0000001043195597        6.0550128096563473E-014   6.0550121780001431E-014
   1.0000000004999998        6.0550121810276486E-014   6.0550121780001431E-014
   1.0000000000499998        6.0550121783028928E-014   6.0550121780001431E-014
 wgt:
   1.1111111111111112        5.4012342887631102E-003   4.8611108598867990E-003
   1.0101010101010104        4.9102129897846463E-003   4.8611108598867990E-003
   1.0010010010010009        4.8659768367235222E-003   4.8611108598867990E-003
   1.0001000100010000        4.8615970195887573E-003   4.8611108598867990E-003
   1.0000100001000010        4.8611594714815139E-003   4.8611108598867990E-003
   1.0000010000010000        4.8611157210025199E-003   4.8611108598867990E-003
   1.0000001000000098        4.8611113459979330E-003   4.8611108598867990E-003
   1.0000000100000002        4.8611109084979081E-003   4.8611108598867990E-003
   1.0000000009999999        4.8611108647479096E-003   4.8611108598867990E-003
   1.0000000000999998        4.8611108603729093E-003   4.8611108598867990E-003
     
 Soft #          20
 ME*wgt:
   1.0217440768042865        1.5316688997119359E-013   1.4990729425146690E-013
   1.0001918859589427        1.4993605935637686E-013   1.4990729425146690E-013
   1.0000003392485803        1.4990734510730367E-013   1.4990729425146690E-013
  0.99999984576557233        1.4990727113060117E-013   1.4990729425146690E-013
  0.99999998270046464        1.4990729165814037E-013   1.4990729425146690E-013
  0.99999999830576958        1.4990729399748941E-013   1.4990729425146690E-013
   1.0000000006085132        1.4990729434268747E-013   1.4990729425146690E-013
   1.0000000323421609        1.4990729909979275E-013   1.4990729425146690E-013
   1.0000000005000000        1.4990729432642055E-013   1.4990729425146690E-013
   1.0000000000500004        1.4990729425896232E-013   1.4990729425146690E-013
 wgt:
   1.1111111111111112        6.9904084841129893E-002   6.2913676357016904E-002
   1.0101010101010102        6.3549168037390816E-002   6.2913676357016904E-002
   1.0010010010010009        6.2976653010026917E-002   6.2913676357016904E-002
   1.0001000100010000        6.2919968353852287E-002   6.2913676357016904E-002
   1.0000100001000010        6.2914305500071904E-002   6.2913676357016904E-002
   1.0000010000010000        6.2913739270756178E-002   6.2913676357016904E-002
   1.0000001000000101        6.2913682648385177E-002   6.2913676357016904E-002
   1.0000000100000004        6.2913676986153688E-002   6.2913676357016904E-002
   1.0000000009999999        6.2913676419930578E-002   6.2913676357016904E-002
   1.0000000001000000        6.2913676363308274E-002   6.2913676357016904E-002
     
 Soft #          28
 ME*wgt:
  0.99876688673464731        3.4170100075984391E-014   3.4212287701787529E-014
  0.99997964204920764        3.4211591209718000E-014   3.4212287701787529E-014
   1.0000000504147322        3.4212289426590852E-014   3.4212287701787529E-014
   1.0000000266457361        3.4212288613399116E-014   3.4212287701787529E-014
   1.0000000028692846        3.4212287799952320E-014   3.4212287701787529E-014
   1.0000000001345430        3.4212287706390558E-014   3.4212287701787529E-014
  0.99999999913487170        3.4212287672189512E-014   3.4212287701787529E-014
   1.0000000284110118        3.4212288673793234E-014   3.4212287701787529E-014
   1.0000000005000005        3.4212287718893687E-014   3.4212287701787529E-014
   1.0000000000500000        3.4212287703498145E-014   3.4212287701787529E-014
 wgt:
   1.1111111111111109        2.0134543355711802E-003   1.8121089020140624E-003
   1.0101010101010104        1.8304130323374371E-003   1.8121089020140624E-003
   1.0010010010010009        1.8139228248389009E-003   1.8121089020140624E-003
   1.0001000100010000        1.8122901310271651E-003   1.8121089020140624E-003
   1.0000100001000012        1.8121270232842955E-003   1.8121089020140624E-003
   1.0000010000010000        1.8121107141247765E-003   1.8121089020140624E-003
   1.0000001000000101        1.8121090832249707E-003   1.8121089020140624E-003
   1.0000000100000004        1.8121089201351523E-003   1.8121089020140624E-003
   1.0000000010000001        1.8121089038261714E-003   1.8121089020140624E-003
   1.0000000001000002        1.8121089021952736E-003   1.8121089020140624E-003
     
 Soft #          61
 ME*wgt:
  0.99783970934358357        4.0935968635285810E-015   4.1024593681699667E-015
  0.99995589299883381        4.1022784209898307E-015   4.1024593681699667E-015
  0.99999987503487886        4.1024588555056348E-015   4.1024593681699667E-015
   1.0000000333319075        4.1024595049127623E-015   4.1024593681699667E-015
   1.0000000035724943        4.1024593828259791E-015   4.1024593681699667E-015
   1.0000000010162411        4.1024593723390547E-015   4.1024593681699667E-015
   1.0000000100925430        4.1024594095742140E-015   4.1024593681699667E-015
   1.0000001873915771        4.1024601369362977E-015   4.1024593681699667E-015
   1.0000000004999998        4.1024593702211959E-015   4.1024593681699667E-015
   1.0000000000499998        4.1024593683750887E-015   4.1024593681699667E-015
 wgt:
   1.1111111111111109        2.2863452447981548E-003   2.0577107203183396E-003
   1.0101010101010097        2.0784956770892311E-003   2.0577107203183396E-003
   1.0010010010010006        2.0597704908091479E-003   2.0577107203183396E-003
   1.0001000100009998        2.0579165119695361E-003   2.0577107203183396E-003
   1.0000100001000005        2.0577312976313151E-003   2.0577107203183396E-003
   1.0000010000010000        2.0577127780311176E-003   2.0577107203183396E-003
   1.0000001000000098        2.0577109260894321E-003   2.0577107203183396E-003
   1.0000000099999999        2.0577107408954469E-003   2.0577107203183396E-003
   1.0000000009999996        2.0577107223760495E-003   2.0577107203183396E-003
   1.0000000000999996        2.0577107205241099E-003   2.0577107203183396E-003
     
 Soft #          62
 ME*wgt:
  0.99035638109643420        2.3185261906729817E-012   2.3411028948045111E-012
  0.99989904650450379        2.3408665522839643E-012   2.3411028948045111E-012
   1.0000000776459153        2.3411030765815883E-012   2.3411028948045111E-012
   1.0000001100174942        2.3411031523667855E-012   2.3411028948045111E-012
   1.0000000120410322        2.3411029229938066E-012   2.3411028948045111E-012
   1.0000000010052335        2.3411028971578662E-012   2.3411028948045111E-012
   1.0000000007012027        2.3411028964460987E-012   2.3411028948045111E-012
   1.0000000101131119        2.3411029184803469E-012   2.3411028948045111E-012
   1.0000000004999996        2.3411028959750618E-012   2.3411028948045111E-012
   1.0000000000500000        2.3411028949215661E-012   2.3411028948045111E-012
 wgt:
   1.1111111111111114        6.3173194752969689E-002   5.6855875277672704E-002
   1.0101010101010099        5.7430177048154243E-002   5.6855875277672704E-002
   1.0010010010010009        5.6912788065738441E-002   5.6855875277672704E-002
   1.0001000100010000        5.6861561433816078E-002   5.6855875277672704E-002
   1.0000100001000007        5.6856443842111117E-002   5.6855875277672704E-002
   1.0000010000010000        5.6855932133604840E-002   5.6855875277672704E-002
   1.0000001000000101        5.6855880963260809E-002   5.6855875277672704E-002
   1.0000000099999999        5.6855875846231460E-002   5.6855875277672704E-002
   1.0000000009999996        5.6855875334528565E-002   5.6855875277672704E-002
   1.0000000001000000        5.6855875283358295E-002   5.6855875277672704E-002
     
 Soft #          73
 ME*wgt:
   1.0027315079742778        4.0774846642747569E-014   4.0663773221927647E-014
   1.0000207735802560        4.0664617954084183E-014   4.0663773221927647E-014
  0.99999999216466751        4.0663772903313461E-014   4.0663773221927647E-014
  0.99999997869685220        4.0663772355661274E-014   4.0663773221927647E-014
  0.99999999764826941        4.0663773126297410E-014   4.0663773221927647E-014
  0.99999999904198122        4.0663773182970989E-014   4.0663773221927647E-014
  0.99999999853673138        4.0663773162425624E-014   4.0663773221927647E-014
   1.0000000084156817        4.0663773564141017E-014   4.0663773221927647E-014
   1.0000000005000005        4.0663773242259553E-014   4.0663773221927647E-014
   1.0000000000500000        4.0663773223960839E-014   4.0663773221927647E-014
 wgt:
   1.1111111111111112        4.9788645755819904E-003   4.4809781180237913E-003
   1.0101010101010102        4.5262405232563549E-003   4.4809781180237913E-003
   1.0010010010010006        4.4854635816053952E-003   4.4809781180237913E-003
   1.0001000100010000        4.4814262606498560E-003   4.4809781180237913E-003
   1.0000100001000010        4.4810229282530737E-003   4.4809781180237913E-003
   1.0000010000010000        4.4809825990063902E-003   4.4809781180237913E-003
   1.0000001000000101        4.4809785661216479E-003   4.4809781180237913E-003
   1.0000000100000002        4.4809781628335731E-003   4.4809781180237913E-003
   1.0000000010000001        4.4809781225047703E-003   4.4809781180237913E-003
   1.0000000001000000        4.4809781184718895E-003   4.4809781180237913E-003
     
 Soft #          95
 ME*wgt:
   1.0086353326480006        3.5921424795494000E-013   3.5613887034066518E-013
   1.0000670085933021        3.5616273470538695E-013   3.5613887034066518E-013
  0.99999982187624170        3.5613880690387113E-013   3.5613887034066518E-013
  0.99999991419327083        3.5613883978155358E-013   3.5613887034066518E-013
  0.99999999076223001        3.5613886705073619E-013   3.5613887034066518E-013
  0.99999999832715347        3.5613886974489950E-013   3.5613887034066518E-013
  0.99999999701698572        3.5613886927829784E-013   3.5613887034066518E-013
   1.0000000084257146        3.5613887334138962E-013   3.5613887034066518E-013
   1.0000000005000000        3.5613887051873463E-013   3.5613887034066518E-013
   1.0000000000500000        3.5613887035847213E-013   3.5613887034066518E-013
 wgt:
   1.1111111111111112        6.2202145945284781E-002   5.5981931350756305E-002
   1.0101010101010099        5.6547405404804345E-002   5.5981931350756305E-002
   1.0010010010010011        5.6037969320076382E-002   5.5981931350756305E-002
   1.0001000100010002        5.5987530103766683E-002   5.5981931350756305E-002
   1.0000100001000010        5.5982491175668059E-002   5.5981931350756305E-002
   1.0000010000010000        5.5981987332743642E-002   5.5981931350756305E-002
   1.0000001000000103        5.5981936948950012E-002   5.5981931350756305E-002
   1.0000000100000002        5.5981931910575627E-002   5.5981931350756305E-002
   1.0000000010000001        5.5981931406738239E-002   5.5981931350756305E-002
   1.0000000001000000        5.5981931356354500E-002   5.5981931350756305E-002
     
 Collinear #          76
 ME*wgt:
   1.5110959956672778        5.0495242541027572E-017   3.3416303587469714E-017
   1.0880732538631603        3.6359386176497368E-017   3.3416303587469714E-017
   1.0091181474155850        3.3720998369664207E-017   3.3416303587469714E-017
   1.0002656595833122        3.3425180948756595E-017   3.3416303587469714E-017
  0.99979252309930877        3.3409370476368830E-017   3.3416303587469714E-017
  0.99990379444893196        3.3413088753568426E-017   3.3416303587469714E-017
  0.99997187990492220        3.3415363917835685E-017   3.3416303587469714E-017
  0.99996044142269858        3.3414981686041121E-017   3.3416303587469714E-017
   1.0000000004621841        3.3416303602914199E-017   3.3416303587469714E-017
   1.0000000000463174        3.3416303589017472E-017   3.3416303587469714E-017
 wgt:
   1.0000327681748611        3.6313635272977787E-003   3.6312445380417926E-003
   1.0000031407351893        3.6312559428192939E-003   3.6312445380417926E-003
   1.0000003127741119        3.6312456738010783E-003   3.6312445380417926E-003
   1.0000000312644759        3.6312446515707501E-003   3.6312445380417926E-003
   1.0000000031263183        3.6312445493942185E-003   3.6312445380417926E-003
   1.0000000003126304        3.6312445391770299E-003   3.6312445380417926E-003
   1.0000000000312632        3.6312445381553168E-003   3.6312445380417926E-003
   1.0000000000031264        3.6312445380531455E-003   3.6312445380417926E-003
   1.0000000000003126        3.6312445380429275E-003   3.6312445380417926E-003
   1.0000000000000313        3.6312445380419067E-003   3.6312445380417926E-003
