   0.0000000000000000        0.0000000000000000        0.0000000000000000        0.0000000000000000        0.0000000000000000        0.0000000000000000        0.0000000000000000        0.0000000000000000        0.0000000000000000        0.0000000000000000     
   9.7077458839904748E-002   7.1517038092879202E-003   1.5551559313427601E-002   4.8597275489022755E-003   1.7757438231276217E-002  0.38743793231779433       0.21086601436255537        7.2173765049624902E-002   5.4604134426716071E-002   1.6963714332079775E-002
  0.77126205453472052        1.0591479841038849       0.70852917523003900       0.54147122070822540       0.91535013500265427       0.46347528509327984       0.56270792496426458       0.72546695903398906       0.56903983146029913       0.97373588808887657     
  0.15667457786519196        1.4446850165368856E-002   3.2178520694011788E-002   9.8677271398193052E-003   3.5540953177400705E-002  0.60816406710815818       0.27923068560632275       0.12546882107638826       0.10603704816915951        3.3858359573193442E-002
  0.79011906787254349       0.92145603781618823       0.82594127042614995       0.73666551963891425       0.98151923584250389        1.5553652053271003       0.89086739309369423       0.78519604993484993       0.88501137033983834       0.61476023798214341     
  0.19377291936811630        2.2430411712930136E-002   5.0106016431876191E-002   1.5182931659363718E-002   5.4169571251286783E-002  0.63894458384728714       0.31065044872904585       0.16419369354983648       0.14536419227664649        4.8173913553030467E-002
  0.75065943711932448        1.1678443444899225        1.1405318007040279       0.93749269694719728        1.0263853967652210       0.75681631686666140        1.1087937475134917       0.89956042136729109       0.95486373932298496       0.99120059491788959     
  0.22397378770502346        3.0729981677280485E-002   6.9110822062732419E-002   2.0087835294008555E-002   6.6276905280263740E-002  0.66966693773502528       0.33583591664626244       0.19197042447614174       0.17748892768083629        6.2235804676652649E-002
  0.90943636288001561       0.94152493913151536       0.97902137783281495       0.74660198812144729       0.62944440562003245        1.0034448864492296       0.81596273658752905       0.91327073367268319       0.87712013677435308       0.82072312435320105     
  0.24984024790154918        3.9861694190287997E-002   8.6858850038317226E-002   2.5638284714295793E-002   7.7579650427815616E-002  0.69163758463868952       0.35635940713777181       0.22175142539364631       0.21053619193876491        7.4748691902252029E-002
  0.89225444747681215       0.93374289195487892       0.93683665083459322       0.67363955403218323       0.73545431349508306       0.94370135772340868       0.84480779655240990        1.0332101225951527       0.82491139627420884       0.80208567733144209     
  0.27270008014730457        4.9442718671504959E-002  0.10418075111932548        3.3471871712757471E-002   8.7967682142065295E-002  0.70677682265492847       0.37474952174976167       0.24840547752975439       0.23924691323283861        8.5133861872850103E-002
  0.86437643242025941        1.0216751382404350       0.87213637760900675       0.75790749584982720       0.73324043192664201        1.0191488296225251        1.0215559608117624       0.86409668850177834        1.0800010575091037       0.63695728934417162     
  0.29210971017156340        6.0096523307480533E-002  0.12006279975838549        4.1703861739753940E-002   9.9687831785699080E-002  0.71882073959156734       0.39023407639199403       0.26775609002058059       0.26292539471993154        9.7978525637479330E-002
  0.96298889505346330       0.70118505258867792        1.0092945756579763       0.82251536557484584       0.71995573141270464       0.77166559476308039        1.0382720200690119       0.99347091314278235        1.2704643767434705       0.87473336561902126     
  0.30866031849586550        7.1872004339957024E-002  0.13506514447553453        5.0600989475898930E-002  0.11394562614685098       0.73059982955905833       0.40361523522424669       0.28853602117778243       0.28458231592293287       0.11325802447107319     
  0.94734035572877728       0.81110984473414416       0.78464693338074321       0.82667850091997730       0.77049208592743945       0.68713066324696503       0.71433148091677867        1.1336686356642101       0.74212443123118810       0.91340060999101791     
  0.32503180298474149        8.4053651191143164E-002  0.15031419697254578        6.0059528417385669E-002  0.12955537934567371       0.74307914869171698       0.41507685344376855       0.30699974769869803       0.30467356818660918       0.12773027834836417     
  0.92922236282957738       0.78514444271916528       0.92052534492658455       0.89276234378872854       0.95333880418110228        1.0195474593419362       0.95123086647878941        1.1054824869230584       0.99151039857408474       0.76242572806792586     
  0.34054838435137297        9.7039128870927319E-002  0.16523125824906021        6.9583523037730535E-002  0.14499343443288490       0.75527030154795016       0.42556285786094017       0.32515321354940879       0.32871024966676865       0.14235530444799879     
  0.87130128695656150       0.75271178894230018       0.88739486128506473       0.80838046717214873        1.1614819780130738       0.78678797806732459       0.80282128437512179       0.70735397260110400       0.78083973151061248        1.0034879252108497     
  0.35715622256321983       0.11121081581563390       0.17964358563907504        8.0046180824984381E-002  0.16023790992837214       0.76654872209834324       0.43597064254327639       0.34414703815413966       0.35100692193826361       0.15656339729921304     
  0.94218175846925289       0.82926581484465722       0.74154019674515170       0.93268750438882742       0.69890009868960745        1.1747727226367921       0.73623566253728046       0.73671642067408294        1.1343680705433608       0.81065254422684396     
  0.37332559359886941       0.12554304262561153       0.19372199220637293        9.0097979091506422E-002  0.17575148275777483       0.77696232900411355       0.44587408914760424       0.36313623844286325       0.37305609802833500       0.17180869815060931     
  0.96181732556456567       0.71506662209908300       0.85145938084230610       0.86208251099173738       0.83482360539636125        1.0330622364327469       0.87863259148731410       0.90291720554076116       0.97200527923114421       0.79141672393780660     
  0.38902828673702505       0.13845152424502394       0.20698498173109225       0.10176704447461499       0.19036979304005675       0.78501264050362829       0.45477523697653977       0.38077280408048153       0.39466367788511086       0.18660440868143452     
   1.1611046740130098       0.72880399052069245       0.76890427614457191       0.73064318935677641       0.86196317951771972        1.0111544186670474       0.76775185372411403       0.65032416124572523        1.1165036632650422       0.90227403000250117     
  0.40279012338292647       0.15197494635302641       0.22205788304496374       0.11320462892904572       0.20343301957153592       0.79137949763763593       0.46314233828849399       0.39825736390907762       0.41542415910288355       0.20097443425402781     
  0.78850966339511397       0.79630496685068775       0.66729037602780061       0.70471773268620286       0.82321114653038996       0.95003613416351429       0.69251462565508914        1.0331955194600648       0.77866990615235754       0.75809482567033282     
  0.41486685207062579       0.16788173566864989       0.23928149570069343       0.12571114464464825       0.21650240821706107       0.79797992592573475       0.47118962449793450       0.41549420634981993       0.43261355272948215       0.21544631760615685     
   1.0287194614560182       0.71261516077280207       0.72066691702924002       0.91832994427236714       0.87204787153885688       0.92629882127772822       0.80148593618205821        1.0492275443107666        1.0870668380898854       0.88432553438297934     
  0.42713883029118122       0.18677289288422422       0.25773012157366187       0.13605424875019195       0.23091736152107017       0.80478066105179924       0.47905073837080803       0.43244621356139473       0.45006623637857002       0.23130001463526600     
  0.74151315244099614       0.87386353777267856       0.94108711703693326       0.76532183008860200       0.96563611144872108       0.89645125438795548       0.95974192482800691       0.98398465571728522        1.1119651285283834       0.94407468486246127     
  0.43882520624899607       0.20685148997846178       0.27574663998601312       0.14875329773909937       0.24811586716864498       0.81121552024869525       0.48738132312801075       0.45008986815531693       0.46674555632242881       0.24830255522252201     
  0.91331569208409802        1.0495148825429532       0.82755374351058431       0.83302009638353069       0.93831579623352768       0.73151179335855054       0.70639981162498489       0.88868669018796298       0.87042787293584190       0.83536390772583691     
  0.44962640553390865       0.22645549344297944       0.29202363996245423       0.16067825860325222       0.26634032482219255       0.81701507807866025       0.49511114842005860       0.46720214954297623       0.48605403253739354       0.26610446777165642     
  0.68295046974812279        1.0535207041203132       0.86069794887384210       0.68172729418949662       0.74441564650721204       0.82006376608787068       0.66021963258878280        1.1672038564181666       0.96999353880507644        1.0191704714766747     
  0.45986009387016141       0.24596535750892540       0.30700198062214079       0.17437786151854909       0.28417331098914278       0.82269789301101603       0.50320306753358890       0.48302880561419576       0.50359525275732453       0.28289176167684982     
  0.78308315558396302       0.95001799747321891        1.1188903531249241       0.77003771509840835        1.1534211178112674       0.67922489062908020        1.0502012510882937       0.89076030909164450       0.83620077511268120       0.88067983095738367     
  0.47020004652193592       0.26657052741655440       0.32218990800370495       0.18890920875430806       0.30229649679533982       0.82829124442457058       0.51083055909387209       0.49792768892748407       0.52078440304813944       0.29981727966615562     
  0.82332588083543501       0.87704898499072226       0.72970053471541563       0.71530524690906261        1.0349165695940912       0.85210906080839932       0.85983977876078577       0.78242230922157596       0.89624332311907262       0.92125239290575966     
  0.48263434755546286       0.28904212563048615       0.33729832245593189       0.20383992533737749       0.32174693539525878       0.83431534870217827       0.51840490547219575       0.51231323511058313       0.53770928404556240       0.31599822153360124     
  0.80386745000069881        1.0006196934251543       0.93079065651701365       0.91712537724898080        1.0621301782550967       0.74838452109726850       0.95780839939059281       0.93109735287175577       0.92223530331585168       0.80776821222158290     
  0.49575958338715492       0.31234280005387577       0.35416464272735709       0.21876270148768256       0.33901020693074879       0.84019963363153605       0.52580712278840347       0.52618251428522655       0.55563312633214101       0.33308941910350492     
  0.87298604105300648       0.73175535689625681       0.94360335827331376       0.87588130652043650       0.79646952206012367       0.95438048227157002        1.0655988984189211       0.95435085628004013        1.0077320445821367       0.92552597195124209     
  0.50836590817341698       0.33477934044308988       0.37042304858465924       0.23617404266735945       0.35333752541053187       0.84567627784514687       0.53291783051664343       0.53971465013694120       0.57267429396312053       0.34959355298331046     
  0.73278030282190665       0.79037132355975237       0.92543082685526779       0.96670864894784936       0.84079236118074097       0.85812998382877748       0.83004572548132149       0.95529947356573297        1.0641161577092824       0.82231439485870295     
  0.52090291144663980       0.35631265667815237       0.38709153207655450       0.25369280013723822       0.36665877392074453       0.85111458075755253       0.54009288972971814       0.55268064257754679       0.58825787860928624       0.36524587919353202     
  0.88237194468128455       0.79288716386968583        1.0401401490844278       0.78591430249924921       0.82171021052478133       0.76381537434459301       0.93373893666444685       0.91882675548755444        1.0653590650082374        1.1147524744980815     
  0.53350974327196377       0.37840783506760450       0.40375610986465549       0.27145696743504688       0.38019153956560459       0.85661517551985422       0.54756196580294547       0.56543485365070989       0.60239128658521712       0.38048587240031934     
  0.96730523406593638       0.83311721602957767       0.84848916153586051       0.83233144574140916       0.71116968794760671       0.87853599714698871        1.1424689262678098       0.84212416727824291       0.98408097306179798       0.75941717858470192     
  0.54612745539135343       0.40184215652337613       0.41936865960633335       0.29003758805162883       0.39497261674446493       0.86198468474944623       0.55456469521558349       0.57730575409609286       0.61607480829127748       0.39527475482944308     
  0.85217596294434661       0.74452968289696742       0.67595073011004514       0.82226604259274882       0.79163422370768577        1.0069524436277761       0.63150461081840803       0.80472303151530666       0.79275624097444686       0.70633417279896493     
  0.55845032491763769       0.42879774856041497       0.43501154743611831       0.30845099222664163       0.40956637407770952       0.86701121056264940       0.56133904745733132       0.58811884462400854       0.62905201594816473       0.41010242218161624     
  0.85520018129383168       0.99902358576332628       0.83302637387016920       0.87460442908999425       0.68115350268610175       0.67692999539013821       0.72901017489273601       0.78338377584103192       0.85196333377769728        1.0975055715647495     
  0.57021380684885747       0.45687445117429853       0.44969499879594593       0.32707732044592858       0.42566272423387530       0.87173583770494889       0.56787251060170540       0.60002585903756955       0.64152939377883467       0.42520788347695004     
  0.81548343102019094       0.92713516917233585       0.73530892561526595       0.80828308770475565       0.94859192586814345       0.84581485362728392       0.80254910076387576       0.95171976840496009       0.72413543129706903       0.81018592829725600     
  0.58192477826366829       0.48321727300436235       0.46403915358606557       0.34618336728141269       0.44208349815340875       0.87647358164193823       0.57400396700404333       0.61091798686367993       0.65378129363739212       0.44130844892010662     
   1.0620366992899359       0.88075132476685081       0.82486567338652583       0.98051118802625636       0.75331748982805591       0.83561028690413786       0.76035866623529347       0.77915754776482415       0.79696993338620237       0.90630995413347570     
  0.59236240735168233       0.50671816821499716       0.47832389028397948       0.36538660652787414       0.45806601446573136       0.88080731513249233       0.57960995712264318       0.62252977587681302       0.66544773472324770       0.45812837762693226     
  0.75899531270237264       0.78623376548182344       0.96526415174981539       0.91501877923980857        1.0696958719927827        1.0506367760316908       0.71976084257290507       0.92289668330541264       0.68808446860581851       0.82531741080465060     
  0.60296754259599039       0.52825430309892962       0.49365248271240153       0.38342793009255804       0.47507475338616229       0.88440696117568141       0.58536918809187310       0.63406554531358761       0.67643076979776506       0.47510271692124317     
  0.90925048694881883       0.76324007429706009       0.77619165963832160       0.78811272722029646       0.79372057295220044       0.91577674307706169       0.86248396518061698       0.94089188878286467       0.88712692028425533       0.62673327815049074     
  0.61350574685287695       0.55123969841478737       0.51024764853034399       0.40091958033087333       0.49145522629949751       0.88806129543005674       0.59129303094818020       0.64600353630336138       0.68642388682193900       0.49053816670583711     
  0.82462650847537189        1.1621752371606671       0.70286049579673693       0.99457536508717292       0.73651969873802148       0.85786238163157469       0.78664027978646744        1.1027552587928648        1.0130032570007541       0.99448170439961059     
  0.62489947456251549       0.57596577910615376       0.52674810669014827       0.41933181449220053       0.50654160325618069       0.89141546319620524       0.59834373210862701       0.65730606065223274       0.69679763924875715       0.50462182081000084     
  0.75886462259672383       0.83944726870929820       0.96141657748071452       0.83884575309347809       0.72016831127924330       0.77007722165987180       0.91794422878392568        1.0123440012180400       0.92998059809453115       0.78904455112996086     
  0.63704025406475451       0.60439294577949265       0.54195688184853397       0.43925601089418087       0.52126909814293831       0.89517491432132568       0.60571292325863491       0.66871653455576785       0.70756783612780216       0.51890085624240445     
  0.88609101880965246        1.1507272664676687       0.71297108198836212       0.88212438461450182       0.89488292151026161       0.95094058766635003       0.68699911257739998       0.81786368029781176       0.86091747818139541       0.80803091074470523     
  0.64572442492271420       0.63197019165579604       0.55771278307743177       0.45768452088979783       0.53696775240148054       0.89896381623754107       0.61202942326669230       0.67827994600960617       0.71881590752527535       0.53488267706633996     
  0.87220102761186280       0.87007554898275563       0.88608122049583959       0.84231902135898873       0.87911921039775798       0.95376143384930856       0.97440940156319444       0.76297472509084618       0.72314254225632291       0.87773924250337620     
  0.65388358523796042       0.65537831635511834       0.57315203244651491       0.47266278106339804       0.55395214084725852       0.90201148261315334       0.61763720485074625       0.68647960991294821       0.73014211817355668       0.55284745662617785     
  0.83078876575182903       0.72872168482745914       0.97771347730605618       0.83402245928082330       0.98874917658023331       0.66241578319137562       0.97497110100331896       0.86041164664672420       0.81338744777125049       0.88568369757036980     
  0.66171929299329479       0.67630943550934464       0.58902361582777596       0.48698436643270221       0.57134189126801582       0.90492188519838379       0.62325343462056815       0.69504819989393030       0.74184381971123303       0.57040946927416969     
  0.72258216328723468        1.2761887629736757        1.0168395786762505        1.0944329000535264       0.91645433326758885       0.69877474517877114       0.75805144175913441       0.67935971046783228       0.87166028119946759       0.89062206666753407     
  0.66989859969299204       0.69681540583159285       0.60426808539106569       0.50089164030288280       0.58810833431537146       0.90754261374130785       0.62914341952740371       0.70366952349344725       0.75279391228992898       0.58766399526568580     
  0.55375054606213103       0.70396892687034096        1.0177244024428587       0.71193634295013541       0.82098398475199486       0.66205099528654632       0.91869858365839419       0.75666133271418889       0.92915246885218716       0.74129265484212947     
  0.68011411710868874       0.71658535885455632       0.62027049270080303       0.51540841910218593       0.60466438262418709       0.91015502676629034       0.63571001807223670       0.71367057687689184       0.76337611790814053       0.60449414482487407     
  0.84753642754164116       0.84704277729255517       0.82911429153366023       0.74116225889459575       0.87267617766944794       0.72054077895197777       0.94639474009590152       0.77827667600724515       0.96136896042644360       0.97122268706036097     
  0.69162687660723554       0.73720008083375754       0.63745646273460754       0.53291202188496478       0.62035070279088600       0.91289713428243269       0.64208831900165919       0.72397672725186113       0.77297540258825181       0.62024580851327538     
  0.83688768285658066       0.95157184058651756        1.0788284404944872       0.79159087207144574       0.87791732905810449       0.83532760525618466       0.79910379333059478       0.83541120843354477       0.76437279779146183       0.91032721588552701     
  0.70235214923063649       0.75804984673974596       0.65582680884280675       0.55147131234157287       0.63630654586853796       0.91562133692028569       0.64845536654751590       0.73366226782952360       0.78218970159470702       0.63510971485458423     
  0.84319296001547506        1.0048512365264630       0.96534094355367794       0.96139832335075426       0.81428718364793695       0.76340695827497929       0.79049657560991171       0.70589231330169189       0.77239461930312137       0.78100530421328118     
  0.71199595650992131       0.77824135312402010       0.67338871293171476       0.57009438442562532       0.65262504640875607       0.91845484798459875       0.65513329183980329       0.74351968670562907       0.79291541057453063       0.65039010258024677     
  0.78665251998789454       0.96758191110923819        1.4365955819563663       0.90118121335468193       0.92090652833732878       0.75400732220070399       0.85379443188668858       0.77319253477251859       0.84514272038413008       0.86671821240873959     
  0.72103321023636535       0.79675726931102164       0.68910735178129379       0.58852902945133900       0.66937663714527063       0.92133053955946587       0.66145354299301795       0.75417167411244146       0.80511259983414740       0.66653768948122938     
  0.87288836006368775        1.0708659174772686       0.65701487030991890       0.76945060519781661        1.0594872113391793       0.88843391141334960       0.93597508872097757        1.0465273315861181       0.87085674471785646       0.95114550945836152     
  0.73029947752596236       0.81407990277473119       0.70348075348843009       0.60645440483805757       0.68613110803684840       0.92446741797128540       0.66733738387331942       0.76527470610077997       0.81644221670694150       0.68293789223994383     
  0.93369841829230982       0.88517363149155603       0.91342395172889745        1.1161669075060430       0.93153684627530386       0.69134182007418910       0.87114587056101145       0.89487382161865392       0.68775417680131889       0.68420852120781328     
  0.74014154974449176       0.82982482493932030       0.71858753702687639       0.62497543803308309       0.70254323216615044       0.92785734495042993       0.67311249371136794       0.77588701112209735       0.82688285016316354       0.69928405896015966     
  0.97194223822954462       0.82774146194666409       0.86899819692688307       0.99834637788942759       0.70143717120107962        1.0080747420765528       0.79220120637087577       0.87040954954186101       0.70055708508752124       0.91235348566312013     
  0.75029723906973356       0.84392851766846122       0.73341677850170761       0.64559254653498599       0.71856786179749632       0.93108286346730085       0.67908436242180448       0.78571751979997595       0.83711854408830788       0.71549012296351899     
  0.78308244479007194       0.80706911516705893       0.76396275942264347        1.0032193882694107       0.95176797728036033       0.95271007616215142       0.64943974772360935       0.82597166163261027       0.80204230897618234       0.85707647357952244     
  0.76020028043584997       0.85596765044149892       0.74735692419015098       0.66623521428764210       0.73439972115414087       0.93429258415302519       0.68567965702986067       0.79494887411002890       0.84658896717021359       0.73131608281041749     
  0.83759430042992244       0.72374764597664498       0.79068092953430447       0.80192770081933495       0.83386193946636200       0.77802480841711841       0.94974127787837892       0.90139767886769018       0.76943916342755958       0.94229689224879698     
  0.77030777431206943       0.86748820468289023       0.76055139319683851       0.68540668272474103       0.75049478754032795       0.93729301277131272       0.69350719203304134       0.80426119738531643       0.85628479650455536       0.74720738919188745     
   1.0163996476285491       0.66343612156616649       0.81480238060052979        1.0488708590262341       0.91810892759448615       0.82413350472262714       0.89891628466884821       0.89147394803562674       0.82298759699156421       0.82342636713174411     
  0.78100915482974520       0.87822602525830773       0.77281394114669000       0.70432246933829767       0.76697396717144839       0.94020132244451737       0.70146772555703407       0.81414608045921188       0.86558744499523754       0.76303836873564035     
  0.91206638752668390       0.81887141437423594       0.77375452728825278       0.87819487943498620        1.0554986440009897        1.0733458287946389        1.1096386786571333       0.93334764234730150       0.69001308456670263       0.91377287298661636     
  0.79227921978143367       0.88776009195593764       0.78795626611122338       0.72256659533958489       0.78455642751954191       0.94320562944993414       0.70962770632386629       0.82484907762550408       0.87577946817193519       0.77948041841691096     
  0.81220129871992830       0.81328859207625614       0.68186561826866654       0.87935614739703760       0.89629324239963692       0.63040216329336429        1.0602035806937284       0.98863585586910063       0.81569570205364317       0.88128217329797498     
  0.80370215498524089       0.89649146808840641       0.80521132051145428       0.74330761498021847       0.80211482156677427       0.94647209810684041       0.71755436741417455       0.83563952929821383       0.88517383233033564       0.79618678302485191     
  0.98704606017783469       0.66639221958335149       0.88400323341838294       0.94546376706015578        1.0017143507035033       0.73213556740839303        1.0452714850800655       0.99414439444442515       0.72091827706235601        1.1346945723627857     
  0.81558384653749860       0.90401964027570814       0.82153784764114712       0.76210950502768093       0.81857415666461397       0.94984052709092670       0.72596318404009608       0.84646691983818023       0.89289640149545735       0.81232739815178445     
  0.85487035104147779       0.52589770253371693       0.89319544279303120        1.0546685354136778       0.74555389225234114       0.81735301544952121        1.1618399481180095       0.80597841256082181       0.77615097956451096       0.89209534866050166     
  0.82766621596461132       0.91230858632042933       0.83639739798798174       0.77980509714432533       0.83440087566137167       0.95312072909783785       0.73450133070408508       0.85753561817736934       0.90049581991240479       0.82898524138367813     
  0.95360611121598471       0.71724884811637746       0.88574678529273976       0.98079353598536601       0.93870114026493157       0.92477786978977172       0.99276199956112388       0.81494204432618944       0.80162830490400894       0.91422836734579571     
  0.83922025889047192       0.92286071171906392       0.85129521690770926       0.79651048432967431       0.85024835945121813       0.95637346298576376       0.74358118103683546       0.86849992130016007       0.90866742371299414       0.84676658953732964     
  0.65606076667080304       0.77527209277323894       0.81948049249308086       0.84701912258819001       0.86755094666615629        1.1088555921659493       0.94437404678957348       0.92466713092613473       0.75381123209585199        1.0361515876072063     
  0.85111615857526146       0.93324203564422992       0.86598283352761607       0.81231841101166324       0.86626241301829565       0.95970366972074095       0.75331716046878028       0.87920606600435636       0.91774211295285046       0.86442281873140447     
  0.83666984030964997       0.97640402990719299       0.81358579361325212       0.77778432597871383       0.88640289104933367        1.0834949699648206       0.93602020371145223       0.79727845028047739       0.97248355190038360       0.83065631887895974     
  0.86302080357749278       0.94255257484794164       0.88073289827162204       0.83146486786155360       0.88241496064347902       0.96304547662917417       0.76364179085982897       0.88896534456757714       0.92736474448790507       0.88044904174433580     
  0.83454110968716733       0.66993624049128686       0.75112190140119628       0.97283196311018627       0.78465373099755409       0.71746641439231873       0.85666191041661444       0.95140169530527707        1.0392980610893099       0.94577892543824915     
  0.87594219920534677       0.95154950572387931       0.89594725536513720       0.85365086597210804       0.89849172134933386       0.96642842269882356       0.77140337726915975       0.89808260446644672       0.93641200377705691       0.89514213963518963     
  0.83352718003518056       0.88172547952631553       0.83621394180279052        1.3320702464833536       0.89685100575127563        1.0348092681126877       0.79557163279928889       0.68138348964812523       0.74620408637404156       0.81398620569449520     
  0.88807733927928534       0.95967932688997060       0.91245278964959875       0.87431949443622836       0.91312790114482023       0.96980455898565665       0.78074204994401697       0.90816529963319703       0.94521265466347337       0.90985186274154128     
   1.0444561724263215       0.71480520541477643       0.82924055828138243       0.97003520543320054       0.81774276175738081       0.99742205760934044       0.98847466332503053       0.78601731375984274        1.1151266322558131       0.74202182328445088     
  0.90096106223033057       0.96740036818028907       0.92828914309138988       0.89324196002636758       0.92645630476847740       0.97304031692609139       0.79183223070218656       0.91869271467236213       0.95385792101211164       0.92467694178473803     
  0.73497928158173076       0.88134301699539341       0.80912409917850503       0.69964217050151567       0.61327271531356753       0.76471373883443094       0.80537996770205578       0.74546403597250843       0.61876456395370161       0.64730026688322007     
  0.91517207736041406       0.97478825671031621       0.94147006471990224       0.91239078127166762       0.93987424776547568       0.97628608075233037       0.80166120783634154       0.92994820188015925       0.96301828650224108       0.93871279264321505     
  0.90725481885394221       0.76696556097951829       0.74604943647860589       0.87431677392186080       0.75295471679102699       0.67084469613575914       0.70105023179334891       0.81290021622955544       0.74844350327973796       0.73633020986645603     
  0.93062302877128100       0.98174906924004435       0.95456641246948737       0.93256846418723516       0.95387019514696225       0.97987130774871889       0.81607835196084100       0.94306053723021765       0.97243665234603260       0.95322741614586848     
  0.93508667798618772        1.0777121164370529       0.74908784761721670       0.91382676598756540       0.69892380515960295        1.3415611731128705        1.0285669203717651       0.69256944160655953       0.89271232142123880       0.98091049105944894     
  0.94887362675965059       0.98846659066731080       0.96797964165960559       0.95294572143726053       0.96802439162386611       0.98392836393866345       0.83473416565404701       0.95734570191466195       0.98187570388686762       0.96637483760616205     
  0.79776373690573821       0.93219728251777367       0.91515072352680571       0.93887160031080508       0.85153316467491702       0.83856160249204303       0.80140725523463785       0.67217646663416086       0.75236100120842531       0.80156701895959082     
  0.97254383535394784       0.99428598778355348       0.98209973544314222       0.97576662387004731       0.98419019382453743       0.99077803891720528       0.87851988205353804       0.97635621223698799       0.99093033782757700       0.98376314769199236     
   1.0599863131084173       0.96014302381211425       0.85524990058088080       0.89193195251887558       0.97692067436728991        1.1622458895084484       0.81572509887296252       0.75274463949537374       0.80129067357712358       0.98273005471822006     
   1.0000000000000000        1.0000000000000000        1.0000000000000000        1.0000000000000000        1.0000000000000000        1.0000000000000000        1.0000000000000000        1.0000000000000000        1.0000000000000000        1.0000000000000000     
  0.89640658338676782        1.0284851537350546        1.0244115899801307       0.89758816342507242       0.96062336297921547       0.67072822079877192       0.69094887638389124       0.55614813736685742       0.66207369094640844       0.84560913348050526     
   8.0981739032493074        12.561521447261013        12.740625991576346        16.520086270552508        11.464661079818809        0.0000000000000000        9.8344895609908107        11.217292542765247        11.419681523392700        10.251795875242882     
   8.3828499607442453        8.1880131173458519        11.910378449848977        6.5322940961031728        12.952473652767804        0.0000000000000000        19.016616172579564        11.372719113079491        12.109713548894124        13.732709305611341     
   10.140559702638850        8.8148171657841097        9.5109602816091758        5.2973882298603279        11.151791162224868        11.430761811965990        11.799338875014231        13.795008840639268        15.564612487823641        10.189261798745129     
   11.490327715050441        9.6372284341562668        6.9075653401843198        6.3179009832607065        11.066596345057309        11.428308758882832        13.886527786150053        14.432562999898344        12.310630800056117        8.2631652779065501     
   10.779118152463038        5.9717491985312838        12.626696288374932        5.5892921141454410        10.595448890005709        13.343817099964040        13.511305411250520        13.003890833522059        9.6815149353860068        14.408667881052255     
   7.8598402991081411        6.1339160643715580        10.923576849645853        11.373610975651706        13.258740650461181        14.052272444731841        10.184210375693770        10.061305665284307        12.052663443745555        11.092451139072335     
   16.642276859333617        10.937351246661473        13.278269528750769        15.305290208981818        12.993104486370701        13.059320254841719        9.4884079869471343        9.8438534970449183        12.613518935294737        13.274546619690396     
   13.694364291374523        17.449917356827068        11.427796969140626        16.106582392149409        8.3213296790849380        10.308212386878203        13.938561039067052        12.543074216538967        9.7752859299957411        8.9450759946026572     
   1.0253552615259907E-003
           1           1           1           1           1           1           1           1           1           1
   4.3129023652164848E-004   4.2005662665101144E-004   5.3971036338723541E-007   10.121255182814149        7.2481972942255793E-006   7.8598434085997488E-009
   3.9027241811569470E-006   3.9088503467953479E-006   2.3759371290174147E-007   8.2755757408569233E-002   2.3750730172441454E-007   1.8694577381857237E-010
   5.0000000000000001E-003   9.8310295433875012     
