   0.0000000000000000        0.0000000000000000        0.0000000000000000        0.0000000000000000        0.0000000000000000        0.0000000000000000        0.0000000000000000        0.0000000000000000        0.0000000000000000        0.0000000000000000     
   8.3348248148593660E-004   9.5412809549628337E-003   1.5887582486088951E-002   1.6565529582016160E-002   9.4439717213813355E-003  0.28676835657917238       0.19131606824264530       0.10539662136804044        8.0440688058205673E-002   1.1326387413170585E-002
   1.2778557752045927       0.92469126452705364       0.82570910491026028       0.86807311852133495        1.2046326780165431       0.48471801028942374       0.48471801028942374       0.74599839854125460       0.98105836406706448       0.49633139461829512     
   1.7231346881415883E-003   1.8537628617859792E-002   3.1240156408554407E-002   3.0406195886502615E-002   1.8475642978660792E-002  0.51908139400557618       0.26482888358695783       0.16688800172857132       0.12451911406140288        2.0726918499451706E-002
  0.89117240177560597       0.80903390585882184        1.0327542743547224        1.1100379028037572       0.84947544530938168        1.5234041986951556        1.0289844992482906        1.1740745056974027       0.82520856976672086       0.59698413815382811     
   2.7148685780413904E-003   2.9185114269470205E-002   4.7464607956711917E-002   4.1765743456374210E-002   2.6779353161027055E-002  0.55312018046054179       0.29615022903261040       0.20277637295993994       0.15898080937744852        3.2553142241678913E-002
  0.82662493744600407       0.76130583170510846       0.81318909085419089        1.0282553937823715       0.80832714690277718       0.97519461158274412       0.75690166689038718        1.0223340407765997       0.75458233708375921       0.79119438947453413     
   3.9466079942394889E-003   3.9310320004519346E-002   6.2878582430213992E-002   5.2580270633880689E-002   3.4999997054711483E-002  0.57859097044320207       0.32251298085464247       0.23264955558225159       0.19151354590034639        4.6726792735003214E-002
  0.81023338549048096       0.97583936977722363       0.81991452523739716       0.75611037940375170       0.76505493739819608       0.88194219886630987       0.72039755957008578       0.81879816026702690       0.85846403294401652       0.80754831568649588     
   5.5317730677911488E-003   4.9957215609230138E-002   7.9067024276628955E-002   6.3605279898239303E-002   4.3530137647444039E-002  0.60015972872919277       0.34372292458282361       0.26219544695731639       0.22276387426578076        6.2730133243705175E-002
  0.94245649029320899       0.82254080167965204       0.74200654218610551       0.88211870465520648       0.77882359391451583       0.78808577545158287        1.1757984110048554       0.93043792758496324        1.2364884008785340        1.1531966211229716     
   7.2828046089636837E-003   6.0853911004822868E-002   9.4857895728681293E-002   7.4307839134167733E-002   5.2899077067205903E-002  0.61956563768183959       0.36136240691666649       0.29042978263802227       0.24796148147355954        7.9265214909627957E-002
   1.0519171024405807       0.89562647437360188       0.79513677075197409       0.76720278301255862       0.73725594869478384       0.97722179134761078       0.90486360522731912       0.79159859845301028       0.98342170479135727       0.78528051492275908     
   9.3270885042851717E-003   7.2138511895804253E-002  0.11147122750628477        8.3243283335913132E-002   6.2862064882909449E-002  0.63793383688169047       0.37702587383803682       0.31828869451546260       0.26754043549777307        9.5560172669637691E-002
  0.92087144162413981       0.89134026823315837       0.96872155234558532       0.77052545481243540       0.96545244328089264       0.81185615399869837       0.90511355815296934       0.77300996010309719       0.70430490208508056       0.84974657855110336     
   1.1646058102212541E-002   8.3394023949452944E-002  0.12836638950454546        9.1471712418798604E-002   7.2440974186169280E-002  0.65401466719576573       0.39200218117854024       0.34186321332276348       0.28689573795375534       0.11277353148228361     
  0.81397736055305159       0.72082340006071910       0.92043739224068211       0.61588282183961174       0.82442227079233910       0.85626811627861632       0.86035282692802351       0.99181817383234361       0.90533429580591440       0.98910018653856757     
   1.4148320956234658E-002   9.3499333016000261E-002  0.14489412629039167       0.10159127339851895        8.3108028556910130E-002  0.66868071232670523       0.40493341960790663       0.36301649107073508       0.30940635387777599       0.13075935096929492     
  0.91665670747675010       0.70037190538979577       0.86663689994350002       0.76314376719858756       0.75969366956793305       0.91281483374676242       0.83107698782761363       0.84619415068583748        1.1801552453053084       0.64653417134623992     
   1.6966755108039817E-002  0.10191015717225289       0.16076483678205936       0.11398384193417938        9.3983312033381020E-002  0.68166090645844823       0.41662349207026417       0.38275325179208347       0.33394001477780710       0.14885639801994291     
  0.88822787362245070       0.77884650814838086       0.67879107183289000       0.91744170032171812       0.84807099057091961       0.89577789165531585       0.93995482889730375       0.97152841781705690       0.83499687345910678        1.0727372528956778     
   2.0024646847657934E-002  0.10979670349069263       0.17789377435242798       0.12550175587203427       0.10556309550573946       0.69341356461973536       0.42767510000792236       0.40091021014345651       0.35744153165093562       0.16652197070565891     
  0.84055579820910309       0.62413377324436647       0.90397609872511830       0.98180221111096189        1.0190851865420467        1.0890090345477077       0.94065046036770950       0.73315583851610922       0.99232465721168561       0.81869924310627407     
   2.3464224800167709E-002  0.11949824388268274       0.19576020746051279       0.13687526998317767       0.11766616812779208       0.70293655612122974       0.43811444378042763       0.42012781690796552       0.37866304553073760       0.18393669338773619     
  0.89701588266136778       0.86903266524285605        1.1505610577574537       0.94540122412703753       0.86650738982632569       0.85815124049136171        1.0036879565240679        1.1166586855727199        1.0400005565281338        1.2153201555032840     
   2.7336786871456898E-002  0.12849576998641338       0.21420520859018313       0.14827424879052320       0.12968832023203830       0.71125801558738311       0.44792929939591103       0.43831282635988050       0.39606347454528273       0.20054891656664084     
  0.70369088571888661       0.69916760157824431       0.92888964975946808       0.75835281848509384       0.80003721410821782       0.83535684718523373       0.95080558566616435       0.86212967609300095       0.93378706366206998        1.0014782667898237     
   3.2008225764770110E-002  0.13758541528532481       0.23310872222010270       0.15931741458128992       0.14168333253841581       0.71888791549432551       0.45742461617370928       0.45610420682012226       0.41087897540774176       0.21703163506981954     
  0.85214268326111209       0.82812355015392725       0.92421018162376434       0.78361953802394058       0.85924271795933360       0.54872907135157423       0.61291745220703342       0.89298656970310808       0.80517879179161311       0.99288633817089356     
   3.7269611569416203E-002  0.14618980143632193       0.24965640061425226       0.16993657796878453       0.15475156603674886       0.72797800584951966       0.46724275203902765       0.47224946576296861       0.42582821643369745       0.23299384159957728     
  0.76449546289286507       0.77495429815862127       0.96080749620815276       0.84231247461119085       0.86080467612356826       0.72478372709975103       0.64181585392065676       0.85459243487582170       0.74534699008269178       0.71296463789712727     
   4.2579439679551467E-002  0.15831362524025280       0.26223162939995298       0.18017386630243373       0.16922164136844381       0.73740941556834994       0.47811582965815019       0.48884928941294375       0.44164820751768907       0.24872409731086514     
  0.68261844478123090       0.91392489699688428       0.91224495354708413       0.78156391836901185       0.90257518184075858        1.0600209910594400       0.94682876626144952       0.70505340122080395       0.64447501201380641       0.81547949336553260     
   4.7385861688756810E-002  0.17184286140352564       0.27356629563551166       0.19118900925385499       0.18231222007473716       0.74618625969618102       0.48866444892934330       0.50622319132915772       0.45835384633042631       0.26272480290132294     
  0.69264127670036313       0.99470616579820459       0.83474365833982034       0.87933846479194933       0.86277508661662339       0.84559307354235169        1.0810284285669711        1.2917124379922751       0.73636806449710446       0.74757825373253151     
   5.2319993414434919E-002  0.18606788687635398       0.28638744616964901       0.20234053045992265       0.19475124716870396       0.75550915965770049       0.49808106827002141       0.52128389331972258       0.47293036341893757       0.27701001152120097     
  0.72031986429850425       0.79672236138145913       0.77624674771653124       0.88829157422795779       0.73141155587692208        1.0757503962671513       0.70240539182941297       0.85526456773985704       0.82278130943284344       0.67594338404565923     
   5.8093741079054441E-002  0.19960976939704544       0.30268680015626354       0.21467914972514987       0.20744036057854942       0.76462929871052510       0.50662499158694607       0.53484775023854614       0.48774557403130986       0.29172688152957260     
  0.74603752013813984       0.83081098956831378       0.91316989798691872       0.97972011209407128       0.79675317700556791       0.86178586624305020       0.82623743830029073       0.71174596177773097       0.78870348953273084       0.99745081204800268     
   6.5082267403430871E-002  0.21299525417555351       0.31880738383063661       0.22787046053345814       0.22209370606486808       0.77384561847181987       0.51422666557095276       0.54846997256062335       0.50158958858365499       0.30648151574876781     
  0.85614549847947385       0.92038095558678745       0.88011544340193526       0.88354935413591729       0.96299866996888217       0.79248016836785651       0.90391969787210702       0.77803464987046611        1.1217724545018428       0.83410931246724651     
   7.3300212457324446E-002  0.22649442266842201       0.33351868681671959       0.24102947717870943       0.23796893831637089       0.78166203499057729       0.52172519536069983       0.56179114069203884       0.51760182005861755       0.32059160317582891     
  0.60405397765171764       0.95271486869256017       0.88240584221152729       0.72895537330966287       0.71978682608468281       0.98495760321331560       0.91202738066049538       0.79248576237520263       0.95366724058360786        1.1258638185667909     
   8.2218778086805736E-002  0.24043488036155533       0.34723078920122691       0.25414037395320793       0.25552118848206790       0.78906230571714830       0.52894814554080194       0.57476608142359364       0.53407140197620384       0.33387385310472828     
  0.79015960741586277       0.87801343692635492       0.78083691181699977       0.95757749059170338       0.91986619975864403       0.96185647551278930       0.75676921683533449       0.73890290564544847       0.81716754266685487       0.80496681163906825     
   9.2096244196630289E-002  0.25460047236290739       0.36165966197024096       0.26720235095358830       0.27540221254770286       0.79581744455355041       0.53673611227226647       0.58723379519273100       0.54964554569288371       0.34708661743996894     
  0.78013724157223663       0.95313635132868446       0.58647565425845793       0.83715944338473336       0.79702755679337722       0.91612877546187177       0.84364481699582938       0.97675693101240857       0.72245496159077316       0.82096068161574454     
  0.10324578288367517       0.26888017351272375       0.37714079646728821       0.28009323156929550       0.29571972061285656       0.80268326646374299       0.54367252615809136       0.59932329367310477       0.56457758026538585       0.36028008431854230     
  0.81995997414557487        1.0074640545194047       0.77422870021395807        1.0900561045065322       0.92158412590157512       0.69596213389076778       0.82588602094939567       0.87846880766121316       0.78251961019912641       0.74476745057609539     
  0.11716089815582949       0.28322130875974849       0.39376191530250065       0.29237878331719458       0.31682305196196781       0.80989223867417692       0.55051519805616023       0.61132024052149869       0.57832597539486463       0.37338038913606392     
  0.96156108149196917       0.87178209587807154       0.93310659085016079       0.74849915188880667       0.72751782848668778       0.89466222965044828       0.90143062930353790       0.98437707126667395       0.74027457627166104       0.82397391070739623     
  0.13243894885983967       0.29825559069989183       0.41177893983700276       0.30444940580164587       0.33730022697616846       0.81689651986274392       0.55691948613693487       0.62347147230445521       0.59198882719678603       0.38685544684780132     
  0.86504118324521040       0.82642253952174982       0.89767223543721952       0.76914636437635664       0.68954142304922716       0.76619903149315871       0.84203727157247055       0.84792635161985885       0.88495392886734325       0.70831929793511961     
  0.14867810745844715       0.31597775307569792       0.42730448417136763       0.31653961734376651       0.35660691065374889       0.82349105943188294       0.56310171865978220       0.63544198504812910       0.60676361506708332       0.40021210485758307     
  0.84633619394679493        1.0146628871560088       0.69071119592075858       0.77359562029719797       0.84386414939515431       0.82649642271015644       0.94692740022883071        1.0186717323654522       0.82530660289261548       0.80538011079464200     
  0.16690783804591944       0.33472929607744967       0.44044473565669406       0.32832635070933414       0.37928311627642580       0.82968421835925599       0.56885882490506123       0.64645672277946598       0.62125094040736273       0.41515886678196817     
   1.0966881435016793        1.1801381067619057       0.76110629179161837       0.74604040882811939       0.69854789175836252        1.0361539804149946       0.73817896295834506       0.99543716793488168       0.84990844812496325       0.68724226960960633     
  0.18758503702359328       0.35234096189893627       0.45195019002780062       0.33975403374898627       0.40266712841054952       0.83585936659001348       0.57447643789047698       0.65660313282680915       0.63557476826859438       0.43059593601590557     
   1.2517307873076775       0.78369286871073918       0.71119610780212805       0.65647848516717544        1.0050793836630820        1.1504402983201893       0.77585262473369809       0.89559954128687380       0.90544232712951767       0.89017417896677764     
  0.21075451839178563       0.36899227223209785       0.46570077392900450       0.35127740115871725       0.42660996242487703       0.84143387378265666       0.58014779834263575       0.66655469067570650       0.64782307673865813       0.44572795365436069     
   1.4753501269365554       0.94647076770103933       0.91378075651331003       0.82393962276036892       0.72377166340588162       0.75686253461913700       0.98354052634308131       0.80988268374784667       0.66556130605711861       0.95900677015039082     
  0.23435645753610848       0.38497170242121098       0.48163026480088850       0.36202538998547590       0.45150324219770011       0.84686968002141627       0.58595012215305764       0.67750031832866175       0.65899514974797979       0.46068827282041541     
  0.80524561752863510       0.95901051347781174       0.96030073873794985       0.67376612420024307       0.70889166572429163       0.69363563201901524       0.76476250154116343       0.93000030037752379       0.81913263756160859       0.78986672291852256     
  0.25728848266338422       0.40019101276568148       0.49846827115727022       0.37595976152464738       0.47952729345879658       0.85260520163758469       0.59216925498852535       0.68839342016833471       0.66974968302441229       0.47599979426188094     
  0.69213879548742208       0.79457622337308276       0.86139841587252108       0.90784526636492091       0.72290995682997949       0.71900002206652924       0.68835595400189797       0.76478741129795413       0.87820233607809361       0.94403852518229370     
  0.28059344993868224       0.41496391193784937       0.51540821015859917       0.39279413048523532       0.50941653333748604       0.85845248184573697       0.59870669050138503       0.69889912778733354       0.68116511990438389       0.49281190569115763     
  0.82258884730291260       0.81570392499304856       0.86381193134185275       0.99789831896543946       0.81471865228722973       0.78393683644711565       0.93980911291132307       0.75953485481173100       0.71070907564196817       0.78326603064443867     
  0.30428882431870519       0.42967724733169266       0.53080726984066640       0.40806632707776025       0.54123689050605450       0.86350436854931989       0.60548363995341437       0.70622908136848905       0.69500426975763341       0.51056601369955035     
  0.98650098516202789       0.75883692252093415       0.68048884514737218       0.81083487103148844       0.73550365950355823       0.69029498480293738       0.87870572818536186       0.70844621742542457       0.87338296257912507        1.0349075870000479     
  0.32800451422052918       0.44530241350565214       0.54449029038951968       0.42299110167276466       0.57189127647767213       0.86802188450338480       0.61169656789761695       0.71451497276762399       0.71087578411000141       0.52917452742458237     
  0.70311353288947409       0.99169553547740452       0.73215061068890119       0.76001426624728619       0.82976678965121120       0.71781346345632180       0.67546652881841562       0.75371432244260717        1.1028157843375408        1.0267099425883131     
  0.35068870908904110       0.46190444128253133       0.55803314288851169       0.43832457899301108       0.59597021679215867       0.87242575488475738       0.61731348450596102       0.72355782358871501       0.72578992570353329       0.54655776201110973     
  0.97675188075031405       0.76194253227354602       0.73683213507838830       0.86871376878262485       0.84988129005137436       0.71888045842990445       0.82612182727454064       0.78423983691305121       0.87725328892442400       0.79993472406953792     
  0.37431381596824687       0.47802480048402368       0.57189212814810642       0.45441162373815552       0.61596151572006019       0.87706719057883975       0.62268500155454387       0.73245685941968330       0.73929610709228011       0.56198791465865383     
  0.74021103630338370       0.82430116999051251       0.93300699666892017       0.78354132036512547       0.75934842926124591       0.74591218743473708        1.0111002083393512       0.94208031868862252       0.93313271360402417       0.68037810825960876     
  0.39907434342018844       0.49556922371705453       0.58691387648656179       0.47145883258966537       0.63531358603476773       0.88194339789492959       0.62760213405148013       0.74118249152347626       0.75274168850617396       0.57672696662508471     
  0.90746945585668048        1.0563686770987963       0.69742094575956493       0.73624001191287614       0.79428528237082352       0.80342524853149211       0.60380384386282426       0.78552063096969016       0.96518461787824206        1.0215337469737584     
  0.42462705399242340       0.51311160734100958       0.60215787388867192       0.48866269350474395       0.65668854831474832       0.88663024591130635       0.63422669140190491       0.75119238521108356       0.76574904392179610       0.59122796412436629     
  0.70933633739330015       0.83484585148639623        1.0289598513465008       0.92648983161562259       0.68147832318856005       0.76746751227915277       0.83636029998547545       0.85499727879512555       0.87016996684031211       0.87229563094321927     
  0.45116147403684836       0.53008840918673039       0.61682617872521328       0.50426430916281517       0.68071525497679364       0.89104091887681458       0.64078475087771425       0.76019921666857460       0.77776935197019992       0.60673478417089144     
   1.2588234685527813       0.80863551778432308       0.87522775306416434       0.83611857675476919       0.92178378632381852       0.93182314733123384       0.89183158918330874       0.96482361931542160       0.78668271948534685       0.73452705898790949     
  0.47746444692712298       0.54753130631037827       0.63118185521307424       0.51949209857000922       0.70507192908910765       0.89539610142214277       0.64681422551532930       0.76952874630056600       0.78979541294147793       0.62126423661474361     
  0.82434411827201071       0.77661834966317767       0.71982588754073451       0.80825418670510907       0.84771318309894428       0.90321130405851813       0.64802833241968238       0.84539796247970644       0.87522964109061085       0.91106900819819781     
  0.50945777176753393       0.56502203571969711       0.64607025700655873       0.53336849547290144       0.72742203012098938       0.89989559176808731       0.65231731251883562       0.77948612799533956       0.80112625279216210       0.63707681325548016     
  0.83958254319951509       0.77004746487486075       0.77096403690522530       0.80536196061217213        1.0263044781964055       0.82669080984867271       0.65966366501770535       0.83336353072215463       0.75162082699593280       0.85836781270673335     
  0.54483807064923295       0.58240085594824631       0.66199152376713799       0.54854044869946472       0.74645285740923928       0.90444635374056082       0.65782626008508038       0.78836498494082596       0.81337975177848809       0.65301937495272755     
  0.86797848564280677        1.0055834101397290       0.85210162155324087       0.83735901485595443       0.78590710405034048       0.86830894283917015       0.94277360014649114       0.90275516087926766        1.2133199335124307       0.75220541133721575     
  0.58009385338708974       0.60044919510770445       0.67909433101700589       0.56549345881877133       0.76170126065848442       0.90912002105536960       0.66357485235217617       0.79671025254861472       0.82522172983976794       0.66961101024662051     
  0.75119991206175873       0.94663590657711094       0.93054870126440492       0.87662706437854687       0.66680806270517379       0.83953556066177093       0.84446863838943609        1.0072646812628865       0.97618801735302974       0.99275190482189479     
  0.61284914831918091       0.61884236447264351       0.69725366159386004       0.58352513454775767       0.77654023178152820       0.91341594037478857       0.67008654954430891       0.80354058586910471       0.83732324707083505       0.68600351260713532     
  0.92494804929683294       0.83833768054028945       0.77992730856242776       0.85622890751933201        1.0784096521693736       0.79006460003193046       0.70027685534704809       0.86239291277238062       0.95181683185073451       0.83873892279660089     
  0.64178304577880652       0.63784966032473500       0.71550328744105485       0.60042645415497253       0.79119829919946272       0.91749619445711827       0.67683591549234179       0.80943548850833902       0.84741974770964557       0.70243144499089449     
  0.96287506329780770       0.77062784069763046       0.72238347554816629       0.89366466786665621       0.88970846760153077       0.71214109119713820       0.70757289842022508       0.75746812501420679       0.87437640582395881       0.85468918295897367     
  0.67135710026371442       0.65838399268316172       0.73317145910362702       0.61946528385006494       0.80721015168555166       0.92128507590588438       0.68313603925081468       0.81469947279105792       0.85773411184869663       0.71919699804609649     
   1.3257719311666158       0.86159661748238547       0.86163175554690341       0.82180530307750088        1.0129150847896586       0.99855518370510277       0.76395819693006373       0.58873158951479376       0.76206229775979362        1.0260144668700950     
  0.69968006378611514       0.67781088385782318       0.74898353716375621       0.64009683005670970       0.82227886621367563       0.92515090469973682       0.68913879467272787       0.82217694905914085       0.86694341483874415       0.73507199670857493     
  0.96983947009820981       0.76843144715305900       0.66280309077682387        1.0420421985456254       0.88405402452807624       0.94525399998753745       0.83717604041555693       0.74204688806013741       0.76914835629239664       0.89260916857984673     
  0.72749190856734702       0.69775035233259752       0.76321697636188113       0.66047403161222906       0.83590460815338408       0.92938794474500119       0.69567285400398771       0.83082888034331392       0.87479806663574444       0.75113169869402119     
  0.74222096211286870       0.72346515081547447       0.83181100061545821       0.95130208229768343       0.77856257769338000       0.85186472815835723        1.0039133733252983       0.81685722664154103       0.89370683178114330       0.84412514853836595     
  0.75180299308183540       0.71752351807362258       0.77763641370166525       0.68025599150085791       0.84831632901095133       0.93378435326517562       0.70254768860476935       0.84059737719595373       0.88262307927936445       0.76629138627211002     
  0.71204002700775448       0.62972332258856523       0.93412381089678187        1.0359134718681346       0.74156029379552002       0.93553103198558407       0.94090168760043191       0.78665597063259396       0.70656054287038694       0.68130039054579905     
  0.77694206193437831       0.73762971610095995       0.79205808127515576       0.69948388989825760       0.86119142448592700       0.93778776710232270       0.71138324525947216       0.84936214909335583       0.89071934611864800       0.78412472184594306     
  0.65933737339749776       0.81323695219733094       0.87032028472748424        1.1514911144812670       0.80341944908077068       0.81076806912668686        1.1420791510763102       0.80242434970006971       0.66496603173273239        1.0847248725541974     
  0.80437611785067975       0.75615781264730908       0.80513983601796024       0.71906730896148163       0.87301595404761878       0.94177303074055130       0.71897926674701107       0.85871818428959001       0.89941674371143587       0.80142657805831374     
  0.72732534162183327       0.92697273103410782       0.89030209895791368       0.71776559014488162       0.71713637544344655       0.75212511866828069       0.97424077690609823       0.89220479699029287       0.94176012887832206       0.84169475154131512     
  0.82934762837713805       0.77455340127562267       0.81824889357769370       0.74052470738276777       0.88567784542157868       0.94602710850605976       0.72621619022812189       0.86797029037282369       0.90861024077179464       0.81844544632877447     
  0.86207885877518908       0.71034144878583561       0.78246322003492719       0.99410707623811578       0.94378411996615219       0.78822395489831432       0.80115536269413312       0.91064797254202190       0.77494442975929867        1.1086183628686430     
  0.85456688968067529       0.79264784804627197       0.83175836087875343       0.76270364430463566       0.89675651558788916       0.95026609494014103       0.73351734353282538       0.87752647962065633       0.91802063232518549       0.83757924480347967     
  0.82073044398097283       0.91328903891886037       0.87232758140010258       0.87221546245358661       0.97164150233855173       0.94337757491901975       0.78473641540980266        1.0834113184354990       0.92571268734079248       0.76172037245080859     
  0.87766122329917406       0.81369099396204481       0.84743850161161349       0.78196522761499399       0.90720904840346162       0.95412723363100149       0.73976290640849141       0.88685656962940618       0.92706305636565955       0.85464481580721552     
  0.87614206167574860       0.77693439983610391       0.85462369024909990       0.91559347816345493       0.95397149063981501       0.77167310052310367       0.73736339026796971       0.83580613752997479       0.70105947822754866        1.0474947805316708     
  0.89440917044025925       0.83550259060234999       0.86556754878465647       0.79994951559754035       0.91701425438200768       0.95791936567622360       0.75129158684095332       0.89545569750194587       0.93566155441153043       0.87111062367581704     
  0.69909922417599235        1.0513618211255975       0.95692451242312604       0.84360792490118586       0.87778632130248779        1.0462201608786215        1.0785106041146701       0.95500155973612477       0.94279407589330011       0.79138034875752594     
  0.90978828658561162       0.85645795669258062       0.88385977504773061       0.81586233390436480       0.92675234010056096       0.96106685530366420       0.76325725153194979       0.90480286977301472       0.94331120890014053       0.88667031712904465     
  0.62894239581212885       0.67537399282702759        1.0936349741594216       0.73152480536515563       0.82135322356597995       0.73802329471572603       0.94670482736884598       0.70691895838175467       0.88391924954311885        1.0473086244058851     
  0.92470010256341084       0.87717928997055772       0.90278949348997983       0.83184471160980644       0.93736584589579552       0.96410618497883871       0.77559871548971704       0.91443795984538523       0.95033638998739245       0.90162534960643448     
  0.73931667849867544       0.84529617368738008        1.0159021112105280       0.86914767887877198       0.95170262278075413       0.65707591321917846        1.0079087372888840       0.72751840315963112       0.85445015290761761       0.91892816740295313     
  0.94256333950654925       0.89725467120298930       0.92005882735525346       0.84902374556635885       0.94853962480449261       0.96714982713492792       0.78806813955364341       0.92519577457646851       0.95748419942812302       0.91739221546879390     
  0.90632088679091027       0.77787765951805465       0.90565714450829249       0.72826922087996815       0.98740917677701867       0.76910730463470323        1.1587659199097382       0.85325652143778075       0.71885834728322395       0.72036873042840199     
  0.95747954719118089       0.92029530970146300       0.93816597298057813       0.87154504768406371       0.95924572098662086       0.97040535992847821       0.80222124817952312       0.93822577201147450       0.96541540249837854       0.93297101656391046     
  0.93388725998691013        1.0622357254645749       0.88672435146650808       0.86454478626022702       0.98342162766620322       0.78363676172428276        1.0071095294474841       0.75059563917027849       0.82257106847158157       0.76694080571118617     
  0.97067873835702279       0.94139414863873061       0.95290206556095891       0.89362751234416649       0.96872505126598030       0.97556652559745849       0.81985299080943241       0.95259723133725760       0.97393656826796760       0.94838183065760706     
  0.77544498907825388       0.88627638443864332       0.64081130197437564       0.76027217118358648        1.0084741305585987       0.92313273248904404       0.75806464369568083       0.72079844127680537       0.77087610907437454       0.64710117772026221     
  0.98246209535776463       0.96077060444694651       0.96831840455888329       0.91959915715606821       0.97851329833897160       0.98150330784546047       0.84293073346078451       0.96753328182776022       0.98248222111961470       0.96270554661590646     
  0.76917768909107231       0.75733234012087758       0.76746268158169406       0.88034824494879671       0.71834335819567496       0.81919289649168736       0.93757503030860034       0.76676441082895752       0.65648712440966062       0.75466211557796348     
  0.99180857902103570       0.98064764919790337       0.98437182769042542       0.95301093758114730       0.98898647532927408       0.98951084638421616       0.89886031528326749       0.98356748534126748       0.99136535493301092       0.98222402959350219     
  0.67161137511688096       0.82505686371076936       0.86944509686235383       0.82627872343294451       0.96764456854779290        1.2481437021570418        1.1288134606300388       0.71260210762568510       0.78593572761195041       0.85255927589438085     
   1.0000000000000000        1.0000000000000000        1.0000000000000000        1.0000000000000000        1.0000000000000000        1.0000000000000000        1.0000000000000000        1.0000000000000000        1.0000000000000000        1.0000000000000000     
  0.78114191471169292       0.81573395109537561        1.0978377696501198       0.75236656170832694        1.0114888444359234       0.80707627005105509       0.54118515759387231       0.67960399320089560       0.59730504939734808       0.77222913570961726     
   20.228793592870705        21.940510308335309        10.945999747933495        20.588167278739373        14.743787282925554        0.0000000000000000        7.7594846375960271        11.473734738967096        9.2026228754140593        10.693885302516907     
   6.6797083074676831        18.569812583427090        12.250958407898056        20.712432530627552        15.179988071064201        0.0000000000000000        16.654707103971347        12.178624716611575        11.363508883201586        16.183886818947300     
   7.9514207164026462        14.402421652798512        8.8053889247062092        13.564124567433678        15.544320293991428        13.741772822349308        14.509883119915111        13.468422639881874        10.922263158786031        16.787510617631668     
   6.0388476284664856        12.232826751960109        14.714884085344849        12.646032597061753        11.307914497933924        13.073113701517681        14.373418349431960        11.285064389174350        14.261058076323934        9.6772319960683468     
   7.9065595996112856        8.6177778259690072        13.119068045926682        10.231618165602365        10.328832993784475        12.821992823606838        11.359504777042430        15.204843745773141        14.401929907820874        11.105673771697411     
   3.8398468535967862        11.655950513909186        13.437986305844067        8.9680886456938627        14.131101950516495        12.689399535170690        18.740932488990470        11.056595751333775        10.663221288047458        17.496826177496224     
   6.9102315083273425        11.887641081387205        19.071060450060109        12.181544493844873        15.061217310684404        15.920623385365463        12.289809337379834        17.564344322180123        16.222090011348310        16.490508673737999     
   15.262184222444045        14.373747664388118        15.095595325005299        7.0548838144987336        10.798774087670239        16.683665080744390        16.115843205383836        12.998065130073364        17.866724214863524        12.882642209733021     
   2.6426804735974075E-003
           1           1           1           1           1           1           1           1           1           1
   7.1444205348530259E-004   6.8584969116704307E-004   2.9493307748881110E-006   11.765660080906249        1.5668961087175847E-005   1.5922459614745467E-008
   5.9345499764829406E-006   6.0097137678769882E-006   8.8472584515777452E-007  0.11357459225996941        8.8445523499395271E-007   6.3176267905645828E-010
   5.0000000000000001E-003   15.286672106407980     
