   0.0000000000000000        0.0000000000000000        0.0000000000000000        0.0000000000000000        0.0000000000000000        0.0000000000000000        0.0000000000000000        0.0000000000000000        0.0000000000000000        0.0000000000000000     
   1.5556790450864542E-003   3.5263383913387110E-003   1.6789263313652714E-002   1.4031364062461044E-002   2.2360076573511339E-002  0.34925064128008482       0.18855323808091945        9.1126594486310733E-002   4.6795972438586589E-002   1.4397626425095917E-002
   1.9140019178719441        1.3281208824276414        1.0755798393615081        1.0187971402561051        1.4460008937552822       0.68210081743134843       0.57898413272142446        1.2718271917572752        2.1268957151075139       0.96448162539975646     
   3.1300876156464996E-003   6.5464722730230809E-003   3.2975779041763749E-002   2.5328286424827821E-002   4.5903000030352761E-002  0.46356999274298338       0.31894721662629544       0.15086242380973400        8.3702834583561092E-002   2.9529156695383713E-002
   1.5264948443959809        1.5725225224613737        1.1143197197825996        1.2736379676770893        1.5780907132181259        2.1402310685864427        2.0502918143187312        2.0880576825958248        1.7291878687519309        1.0231287108376423     
   4.7675147777312002E-003   9.4985036131634594E-003   4.9147861923291250E-002   3.2526715280346508E-002   6.8997839681452386E-002  0.49705712338875913       0.34185432971785468       0.18927530187390287       0.11368233997317775        4.5282493265610402E-002
   1.7464871905008819        1.2812564246131068        1.1714646166405973        1.1411181994148414        1.5684713133991390        1.1631040836759763        1.1462369591620432        1.2270805837666334        1.6508444678170944        1.3977306383529888     
   6.7543813219808277E-003   1.2334450496594415E-002   6.5977198824019617E-002   4.2222046640746344E-002   9.2343631954414016E-002  0.52370498414853928       0.36663644356670366       0.22274988116152308       0.14153436728421351        6.2236356226614081E-002
   1.2075960060597222        1.1497975540665768        1.2162799961897883        1.2439289117029193        1.5575782324977809        1.0931175415839289        1.2707468671610447        1.7634787699932879        1.9193303387589280        1.2366795716914747     
   9.1581333572226600E-003   1.4874918674630790E-002   8.1398240455910251E-002   5.2580866477444289E-002  0.11415104321744241       0.54660059858700838       0.38236335412335704       0.25209046669009044       0.16544704368117497        7.9828292283306540E-002
   1.3004873837760991        1.1679481313653914        1.0177966672603354        1.3959818219568452        1.3421361192085428        1.2521928566188159       0.93432394445795541        1.7557262233473867        1.3556406425341594        1.4425258547170678     
   1.1733834491666439E-002   1.7694490119885584E-002   9.8214818972384890E-002   6.3236635510380945E-002  0.13505800672618301       0.56576072103705588       0.39757303666718219       0.27832431740597741       0.18911113496831677        9.6795452287363304E-002
   1.2517000332417969        1.1398802091372806        1.2980521133372160        1.0725988714205645        1.3243872159605365        1.1842579707986793        1.1312868694718528        1.3418998933040840        1.6645472134451047        1.1508488608076812     
   1.4390327736520551E-002   2.0764266395860636E-002  0.11617713132159851        7.3585429845047873E-002  0.15432088541281683       0.58212587714374353       0.40955239038614666       0.30290641648024391       0.21197140133899539       0.11272180214859542     
   1.1905336172260701        1.1310662819185469        1.5256173783123717        1.0674731393583692        1.6718255181912882        1.1027708664264209       0.89677612598465273        1.0438395140816157        1.6776571897523154        1.1480851154792155     
   1.7197267727286795E-002   2.3990867521655947E-002  0.13401907908317290        8.2995765521381756E-002  0.17277013027179522       0.59620745273413256       0.42145923201838736       0.32732816493242495       0.23401972360751944       0.12968674073632802     
   1.0502733985907327        1.0001094739553946        1.4415734556615232        1.0411894125119907        1.1103599290634392        1.1768724040968570       0.99138309200426000        1.2869116608070323        1.8621906791991811        1.1907029498428956     
   2.0484738561139807E-002   2.7330473582165841E-002  0.14895209455150835        9.0194441797272304E-002  0.19168239527588268       0.60908599181776446       0.43183704012405066       0.34969666873386035       0.25477266406279214       0.14685386766355604     
   1.2951585476687699        1.0104180224005861        1.2293481372716564        1.0419720445104799        1.3322642454102658        1.1714298791952777       0.96413644282535715        1.2847278302920424        1.2711179181573042        1.4761735759916064     
   2.4200813295461227E-002   3.0918500758069400E-002  0.16308833423773289        9.9176408184124223E-002  0.20947624618948116       0.62073587622396920       0.44254974586501350       0.37002965623765466       0.27362510591249906       0.16388721211306786     
   1.1562389240580619       0.89143704184618255       0.90635286129266235        1.0974133543799964        1.2966680409169029        1.2281338316625448        1.3268252054157679        1.2716801417194725        1.1066593601148875        1.2168344912546232     
   2.8564404897978179E-002   3.4541045519817931E-002  0.17688660791889493       0.10819885506310134       0.22833411151574495       0.63106805600201987       0.45307513784214359       0.38798497499756790       0.29210356322917713       0.17979490217357555     
   1.1083094280436121        1.0706815295415706       0.88644315152625719       0.82852023132885277        1.2269132778863394        1.0575335605627767        1.1770907018204360        1.0658252362589118        1.3397855412603068        1.1036078258967381     
   3.3625577806730325E-002   3.8201480378034232E-002  0.19152328645911634       0.11862530427358103       0.24614085412237552       0.64157539521401830       0.46307559440495344       0.40471258641878605       0.31154034836634759       0.19521326716905460     
   1.0600066701573541        1.0861733840124683        1.1965390265087439        1.1325374218349569        1.3302936766633564        1.1803060399756675        1.1407535213916218        1.1085832636309427        1.3948415426799974        1.1715266040475014     
   3.8872494818854152E-002   4.2165396946839427E-002  0.20595011764292628       0.13029159227634113       0.26299270858591700       0.65162597825603752       0.47255255004800401       0.41928369677080934       0.32854626959309674       0.21114337159753302     
   1.2349950823900888       0.92562731469078152        1.5740626645557390        1.0591795618195710       0.91861535373844716        1.2962071636961281        1.0978940755046800        1.2062692953187153        1.3443566914613918        1.3027945143456481     
   4.4276339874358819E-002   4.6386046691285175E-002  0.22159923121026992       0.14207931575419031       0.27714186560924003       0.66112260359222974       0.48167049561523378       0.43498495382634617       0.34553061495930015       0.22749409881694874     
  0.95168333970000107       0.82895514490860123        1.1045042687890889        1.3584483491739308        1.0284384023758291        1.1720561617798060        1.0180666437365171       0.89306245962473951        1.3600606677939253        1.0225577439697970     
   4.9677809228502449E-002   5.0691191503058397E-002  0.23782732378838814       0.15351166798675528       0.28898845936506307       0.67004252879135306       0.49052468023267842       0.45015303120160094       0.36150035233597538       0.24312216644709359     
  0.94586209205717064       0.97921703721343734        1.2924381066834376        1.1481339574545697       0.93352943456285409        1.0066690166394550        1.1156732262884064       0.93785925570897155        1.2948207741350883        1.0193018675583700     
   5.5343881296831654E-002   5.4885886186679375E-002  0.25335213327935785       0.16471458095425556       0.30098594084551150       0.67890575885020710       0.49890926426356907       0.46357576329454869       0.37757983501709252       0.25751706391389695     
   1.1784399712660161        1.0628700668778790       0.97272746136715948        1.0920961170089167       0.87783273388783167       0.93331691528412863        1.1282245831011055        1.3855993088417675        1.2650661499475355       0.96590057734438006     
   6.1176015178347580E-002   5.9089861883799472E-002  0.26853069419060427       0.17598407087755388       0.31183986216762249       0.68815216627262910       0.50708600696376227       0.47711863061060217       0.39550548351466702       0.27133390554010439     
   1.0001210922518953        1.4026696650490444        1.0571733788681823        1.0424227336281602       0.89741874393419419        1.1871413099879649        1.0421376018938018        1.1946123329431784        1.1426452764812574        1.0075680760485379     
   6.7946482245379386E-002   6.3470857566689742E-002  0.28357372754177534       0.18724414130098418       0.32335154361643120       0.69746328500802934       0.51539520180331810       0.48791667679591227       0.41429217042043448       0.28507251542404699     
   1.1915361515376024        1.0968570406761213        1.1038309397626820       0.99211316587379661        1.0071595347469964        1.0497642139309507        1.0672968835132168       0.94893830879771512        1.4270823682908631        1.1099617806816746     
   7.6379678685963279E-002   6.8382295469417570E-002  0.29984783480892307       0.19871183123469488       0.33418652316290709       0.70667200058123536       0.52331530520863712       0.49968538040549676       0.43157396273922860       0.29905715585180037     
   1.0608527574832793        1.3545990396219507        1.1855103391902746        1.1293860536181881       0.83857429478142076        1.0143372494334435       0.96522760779362882        1.0159421008837661        1.6280677948381188        1.0925926514387383     
   8.4645879354965869E-002   7.3550532973553059E-002  0.31611288636235640       0.21087848303469445       0.34581108561696011       0.71557631227998508       0.53049357835818167       0.51068020451073393       0.44604042225634272       0.31391010127082108     
   1.1511055649734128       0.89887718181363063        1.0431245720133799        1.1785764866704431        1.0926971831798002        1.5828459252729175        1.0745712883604577       0.84920042319133271        1.2609493362841397        1.3200528686382047     
   9.3779345070976905E-002   7.8758453740214812E-002  0.33200938855731771       0.22332220220304755       0.35831698620956720       0.72410392864587791       0.53749733909833031       0.52145795405889850       0.45926720613643124       0.32954645968028951     
   1.1346813901825996       0.98308318172391373        1.0230090977099708        1.0405684074401509       0.96878927268812542        1.1441350233712850        1.0121465091396591        1.2170539119637267        1.1525033561703859        1.1182473306960692     
  0.10508308322244163        8.3874729929252823E-002  0.34723194633328708       0.23569175261204989       0.37195444984838305       0.73229365235128230       0.54451320872733422       0.53221397488754796       0.47239023118497359       0.34588912065326738     
   1.2467191616985553       0.96696294995948973        1.3477503442163143        1.0479554809229115        1.1499490583668643        1.3645683852905617        1.2493431181092254        1.2116958236751287        1.2101583424390070        1.3988373997445527     
  0.11772830439931897        8.8872061811170633E-002  0.36091144767823358       0.24762022075201173       0.38531532159688958       0.74029497051850202       0.55189549536129601       0.54678935782722549       0.48547348710820509       0.36178460470162183     
   1.0154042555765497        1.0568545851941549        1.0144204118772804        1.2419872972235899        1.1798679463858437        1.2800135059745958        1.2580756531912687        1.2573787934703839       0.78392975105590967        1.5377395633993667     
  0.13193490533229790        9.4748917370978000E-002  0.37393868264423102       0.25853521108244631       0.39797897621434181       0.74776284825852157       0.55946294839121413       0.55940684036368149       0.49965414038143957       0.37752059439430735     
   1.0391055189987459        1.1638034455615456       0.85216284208695037        1.0863178536277220       0.90879141215815662        1.1068663643081489       0.99694528542459226        1.2154198883381346        1.0813241492552004        1.1831081978327256     
  0.14700771018034273       0.10149459234567866       0.38690109587799287       0.26947059949847318       0.40924424642763979       0.75414874144860078       0.56708364381282428       0.56892462759179263       0.51328212903701231       0.39442977740268587     
   1.2026183477380756        1.1195432886377312       0.84560073988955231        1.0112206857741353        1.0977528929492337        1.1185116237268384        1.0769244325545326        1.0374916099059559        1.2618174244417537        1.1341321470746841     
  0.16332012251745021       0.10829271081016753       0.40056177571248797       0.28080043420728984       0.42015213667564516       0.76027214914697128       0.57468941895954473       0.57853235522333391       0.52634798540931194       0.41189759600627351     
   1.3408871021543767       0.95491959638684920       0.88657888321875544        1.1168853690672331        1.0452917274992553        1.0419171926034994        1.1617615393807246        1.0578830090383227       0.99372444620451195        1.1632781388459845     
  0.18060093724772475       0.11516843601071300       0.41501605519396156       0.29312843671183997       0.43196182261917387       0.76678777500656625       0.58219761593968600       0.58926014344985689       0.53852372095814660       0.42924971001139850     
   1.3616121267819501        1.1658985055837212        1.4464309803380564        1.1982739932074353       0.96109082602667284       0.99387341845849131        1.0848747656849802        1.0918884892256409        1.1925454103909741        1.2383083899336371     
  0.19784674125418794       0.12248137129723968       0.42923756800045210       0.30675834879253561       0.44415896580269293       0.77389864869082459       0.58951838656044320       0.60120957063121572       0.54892832248065482       0.44629532846039482     
   1.0029910621456757        1.1004563645285825        1.2805463106047144       0.92635192191769911       0.88933030269049274        1.2214635475277449        1.1599592969414481        1.3058897703932069       0.96892298201985960        1.1510775933829553     
  0.21765912849068331       0.13043706218243528       0.44336745564925906       0.32075373484197306       0.45678395776370123       0.78120311438531209       0.59672051303688745       0.61415543565042696       0.56244998850174022       0.46317890703450426     
   1.1234914414313533        1.0688562942597510       0.95359755066339014        1.0649186975775897        1.2164874240223140        1.0846934681047935        1.3783694234980850        1.2045334544142752        1.3454663882477209        1.5494732216257632     
  0.23872892601715048       0.13903369806549234       0.45827777226552174       0.33446326559515982       0.46914686039895392       0.78822404427312243       0.60381296312266219       0.62747838462295269       0.57561355756479737       0.47739144270588590     
   1.3381688915032959        1.0202699499643884        1.1502608254969686        1.3063685421269258        1.2024262893649493        1.2053712066565634        1.2317132354431628        1.1445294539286439        1.3198654982599054       0.96931170065690353     
  0.26527184846971069       0.14809497334838659       0.47361836280850245       0.34788516093385546       0.48007147054512544       0.79480520840821878       0.61080672892503629       0.64004793978863006       0.58901869483658265       0.49129224863891019     
   1.0847820288300507       0.87199647008169756       0.91050677481576980        1.2849588956912834       0.97159315700894522        1.0202133501302717        1.2576471773759959        1.3028261204187555        1.3385690246309001        1.0435124624208976     
  0.29397518998939881       0.15736658587342167       0.48947572358572655       0.36165043528954210       0.49018064880274981       0.80120612291672810       0.61792605635767650       0.65202286078892480       0.60291126434583631       0.50692207801962064     
   1.0743031725965446        1.1038722132062158        1.0840719461471091       0.94752805356050585       0.99555987502871213       0.93239437832244310        1.0069872637947561        1.2462680889296913        1.0213001434406097        1.0054078715646850     
  0.32482620376082183       0.16682831854059021       0.50632216396443697       0.37602520838376163       0.50171755767804571       0.80762070413182208       0.62514643016650695       0.66353344948724446       0.61686148477087488       0.52287210235182835     
   1.2560065132022264        1.0030232955047946       0.89419619274514162       0.94941650420880352        1.0601584977560823        1.2950044888300050        1.1248662341444808        1.3757150847902446       0.98681541831218778        1.0937282789789722     
  0.35771024522366229       0.17649137090313055       0.52340090583528631       0.39053331779683709       0.51462498265480539       0.81428079286680100       0.63208651195576782       0.67465818299012648       0.62995765515757207       0.53914608955515775     
   1.1744402863760555        1.0157332151893732        1.9077458060418049        1.5150387854211389        1.3761623904227833        1.0816314328827594        1.1940978761527967        1.1715052002067943        1.0285889826915491       0.99302957983611950     
  0.38987732819509402       0.18603358319578583       0.54073302568997761       0.40497901466093872       0.52853997242841921       0.82119717072434850       0.63881308354918787       0.68529877275231876       0.64231974061023289       0.55486641584884133     
   1.2323608164466007        1.2041563923139225        1.1449862602807155        1.2554029965230489        1.0115385934390779        1.0541410927834529        1.0032469770211594        1.0871551069609355       0.89530197718717142        1.0882864212228309     
  0.42211922900162518       0.19594609915630012       0.55797953546234169       0.41937351880728824       0.54252746272745933       0.82818956403897870       0.64455999592939472       0.69696234284135006       0.65492400440887555       0.56878918204175866     
   1.1797909897018923        1.1369019464603434        1.3892666279004013        1.1128986964645344        1.0856228525320446        1.0415304345548764        1.1855035863213965        1.0783693548088789        1.1486623243621363       0.90996840060978834     
  0.45688826057226611       0.20656613803494303       0.57493517041038955       0.43483342174989192       0.55651367505976534       0.83521070422984867       0.65055042509033745       0.70879193365235604       0.66812822146544515       0.58272730240619630     
   1.0855839900846693       0.87004613018262589        1.3884563189338581       0.95452601671535564        1.0582300914753004        1.5206596624307305        1.0901521108038141        1.2009798949412753       0.92690618072461506        1.1865682516270795     
  0.49284513707247207       0.21628019610128971       0.59159830760384091       0.45140241801991138       0.57066495421055963       0.84190845825921701       0.65593437710793023       0.72106711286833258       0.68121910475631786       0.59815874774653566     
   1.0966458043163145       0.87595368265877349       0.94645452717989753        1.2981722750831748        1.3588554194465774        1.4645564832795051        1.0146269440522022        1.1017276247961392        1.5777415195185061        1.0676643241203279     
  0.52704219396659568       0.22512326320720397       0.60879159222387025       0.46837391084794877       0.58515639091077021       0.84776925384506208       0.66058485055671123       0.73319796374797597       0.69491803943339125       0.61545054524795284     
   1.1604320322602490       0.95473997406543254        1.1217016276348590        1.2115527363722922        1.1116731372199002        1.1297845632844861        1.0999398233289979        1.3473877301424080        1.0226448856740444        1.2900174996128901     
  0.56007912938284743       0.23443222590617543       0.62685766961998868       0.48579919081878625       0.60015001926833977       0.85317860520079791       0.66558821487146669       0.74422772735091913       0.70841941887373683       0.63353586602982548     
   1.2246275436136060       0.89695494463376024        1.2180105059049451        1.1349771214088247        1.2605008711561787        1.1916555045328190        1.1273409789441209        1.0615178600815263        1.1163581178879174        1.2788840728259010     
  0.59074770943307953       0.24457861433459055       0.64514220885421758       0.50336905221936967       0.61501064935110294       0.85843553326586353       0.67121713905932068       0.75454330984677986       0.72141104502424358       0.65120036946962345     
   1.1310064112949734       0.87014281704323337        1.6099009531492472        1.3434839460069710        1.1853580376941746        1.3163943989095048       0.98462350183360436        1.2859647587254541       0.89131380383333736        1.3299163891348877     
  0.62100892473900038       0.25623024934852112       0.66320221240211574       0.52160400168480381       0.63008326776999402       0.86353200905838012       0.67808171585353982       0.76390483745030568       0.73489323604588153       0.66712894067366624     
   1.0671428936202894        1.0931193149433760        1.3968462676996305        1.4320274841098577        1.2288709980171655        1.1072675418586493        1.2737795726949264        1.0629602892116792       0.96005434526716538       0.97155605609614026     
  0.65226966476246395       0.26835495579627361       0.67994602420737094       0.54061537529375281       0.64495338631844468       0.86931192102578803       0.68427895929339466       0.77283889905490422       0.74857622154595893       0.68108478460688437     
  0.92029209192867467        1.4270611185955315        1.0281419349763610       0.87067046470288090        1.0007286115648888        1.1965619208169349        1.0903510647381076        1.1722474454695346        1.0485513959255288        1.1527406234437474     
  0.68411077535519693       0.28142782285759216       0.69602095906800832       0.56053210058650804       0.66067655997590469       0.87575523375984266       0.69010570052649833       0.78164170639803854       0.76217864379095324       0.69510727683033979     
  0.97159316980649568        1.2302999588808761        1.0864836755336016        1.1741558380914348        1.2011781522560823       0.93741943348535828        1.2987673849574968        1.0761088430085042       0.95364156297538982        1.0031337701307539     
  0.71704132687703548       0.29568877905723595       0.71096851631182356       0.58085404816687858       0.67591026188727499       0.88203854024337924       0.69598189303493285       0.79041730035908797       0.77599946037945533       0.70936574150226406     
   1.1341329067889920        1.1626728030616849        1.0954623203727836        1.3163483256803326        1.0286344566535037        1.6768102309679322       0.84650477959518255        1.2857790020754352        1.0593695540914807       0.97890448095823501     
  0.74350593200158310       0.31162796047224062       0.72412564196875884       0.60014923487738570       0.68789923787403906       0.88792182818490972       0.70198036288122190       0.79948053067930780       0.78970977844775514       0.72510453286882059     
   1.2570484146200616        1.2661772717140456        1.0161686786538238        1.2216617094144462       0.99987536521345854        1.1065721533884700       0.96805906454874935        1.0915957121445123        1.1481809339172184        1.0487611511544559     
  0.76576161599687942       0.32918078795728756       0.73753372619922386       0.61876757114363634       0.70028211950774488       0.89308424084870341       0.70881757115761324       0.80874744470395643       0.80376540495815085       0.74125673093367095     
   1.0347857042920383       0.98227109169784788        1.3878922039587613        1.2527008420932946        1.1020586161345398        1.1386106559812166        1.2993718236877678        1.0744499092621915        1.1626650528217330        1.0266432437560193     
  0.78674782972184087       0.34861261486060058       0.75116515242602278       0.63719708363968652       0.71295019861636499       0.89796019550529316       0.71648577821628101       0.81846233110433686       0.81720753269765978       0.75722868129942933     
  0.98442853482051595        1.1610472637646549       0.82823798372801183       0.95915198470186880       0.73101846563006667        1.1136914416132166        1.4764973077702994        1.1539901045232239        1.0503795105064264        1.0936166453769405     
  0.80760862340443507       0.36952845179751093       0.76598406502591521       0.65387254609383449       0.72639427371869680       0.90286542414179471       0.72367258512120980       0.82849817457535679       0.82988627095944345       0.77071134742689795     
   1.0280496257327061        1.1470808876136585        1.0608246338238854        1.0243452285585384        1.3512441745793804       0.86144030831408280        1.2789417200122131        1.1417177323466967       0.96629966530428080       0.89711634113909988     
  0.82685418081145201       0.39065882446294981       0.78271256775860776       0.66950710082602216       0.74155719023657918       0.90795495330693843       0.73039100574998950       0.83822321762397523       0.84259264316090210       0.78309556820531601     
  0.95180844741578541        1.5119625343969851        1.1164646877918576        1.1881894307931982        1.1309231570845362       0.94147211393355645        1.1102918570853946        1.4453386284817726       0.83503389773402437       0.92700039715755544     
  0.84515963918117620       0.41267481882495294       0.80048169240585998       0.68590255909887432       0.75808669296138520       0.91285812299153735       0.73684649910859135       0.84798167794644141       0.85525761505708997       0.79606200493855661     
   1.1155799399349458        1.5267040049085905        1.3457916077990748       0.73517409884536111       0.99265378830673390        1.0458988590527714        1.1203444217233625       0.90519677309201751       0.99794084339417555       0.81508882926200077     
  0.86380643533716817       0.43789902813067288       0.81551149116254396       0.70262739371195371       0.77501462466923665       0.91722840548286555       0.74348573622032144       0.85792777964759515       0.86780057108033848       0.81058220617721743     
  0.92163448591199937        1.4567012705820559       0.89934734870303501        1.2226971860668940        1.0402503780624814        1.1583560888963313        1.2291927606009851        1.1056529011588081        1.0489340031820744        1.1060313886473023     
  0.88255517104735970       0.46888197098963985       0.82919238506457726       0.72235867120846475       0.79239397446445903       0.92164380717385097       0.75074797495262213       0.86842003034247583       0.87953257673326124       0.82700195051563929     
   1.1511291539545081        1.5142420722112500        1.0402361125101784        1.4346952855870068        1.3208772310459849       0.94810838678810649        1.3809957988286077        1.1220715823699274       0.83795713359080060        1.3074023408245761     
  0.89967386430938856       0.50478814798708971       0.84362406457790340       0.74292614773715271       0.80961690552416521       0.92671931605645275       0.75857638560109786       0.87966652210661156       0.89100649829400269       0.84280365688403769     
  0.87673427830727357        1.5713529849101946        1.2295198226847077        1.3739847573081634        1.1079756615609055        1.0758696263956160        1.2376372025545472        1.1637898021549169        1.0483054612934370        1.2750823317587465     
  0.91532261254607339       0.54642046773260677       0.85817368410344308       0.76304878015866495       0.82727101091605226       0.93203051642446910       0.76770786165326799       0.89106095219176951       0.90271838439732333       0.85894455952927518     
   1.2852458260762640        1.8006181658816605       0.95085558264756043        1.2448718049591754        1.0352767884238707       0.89922070106468266        1.1874461210050351        1.1982455959751432        1.0541538987801911        1.3088019632329886     
  0.92925860785301451       0.59518920026194744       0.87401287787435666       0.78325328674620487       0.84483462315489399       0.93718690659675341       0.77781673085093550       0.90117040895538814       0.91490048157205850       0.87507985702433033     
   1.1154911460457000        1.5854844008661733        1.3333638476324232        1.2912262871616893        1.2897689393449769       0.94164301571532238        1.7440782381282021        1.0251310831034453       0.88478229227012239        1.2106947331495377     
  0.94134140125067811       0.64127869659054260       0.89051049062137744       0.80378446443610052       0.86136139876712614       0.94276041540713773       0.78812564878265523       0.91136795439756102       0.92634934215426934       0.89116731892455991     
  0.95515966163661337        1.3850978971885213        1.5059272923429969        1.1659190529704209        1.0772108912914797        1.2316474431111386        1.2298836594894011       0.99681644540257208        1.0064873919067758        1.3929490758493319     
  0.95217321450128423       0.68595253653081578       0.90658049199040980       0.82543308497771595       0.87941811990836594       0.94923349126618817       0.79849065177633283       0.92137949955992038       0.93842083229965112       0.90690743259163997     
   1.1221115801121671        1.3644173821088337        1.0017929397344427        1.0154845713570919        1.0053022010746007        1.2602025249631101       0.99321697867927028       0.91505081402933264        1.0262883362165229        1.1165047269937114     
  0.96224882220435748       0.73340040553651442       0.92221811033575884       0.84735830189348904       0.89811853904079497       0.95610972813938289       0.80928379805677730       0.93169375987825775       0.94898934869087748       0.92367052607881539     
   1.0521685562799346        1.2818715670314735        1.2036280701278543       0.91035875292971447        1.2724594083779803        1.0334524559266658        1.4124832037304240       0.87105281351358166       0.75536671079519091        1.3176711437721380     
  0.97174356518547267       0.78995978689580093       0.93791704257823594       0.87008939331036783       0.91842777582095436       0.96299977377695667       0.82263933438377834       0.94285526472579362       0.95944837698713215       0.94062187149121712     
   1.0550456509650412        1.4424282025927706        1.2774062169261626        1.2264066543627148        1.3411071716113852        1.1399933949953998        1.2478635030644796       0.80850147797193095       0.89178035007696155        1.5948224737404690     
  0.98026054911987692       0.85062329502310408       0.95332807882909631       0.89715255531706917       0.93892052114275615       0.96959847193241311       0.83851140224326148       0.95429943628704073       0.96976540677741929       0.95852601958809103     
   1.1657297567766784        1.2744273141199369        1.1555211939427155        1.2483121635625551        1.2980657041386687        1.1886290761550984        1.0998243723041814       0.86606778828124220       0.87045746204646146        1.0222586698837399     
  0.98752684638374177       0.90827246343597445       0.96793807798956555       0.92853300328553556       0.95923635045615241       0.97690392732127773       0.86140475108671144       0.96690079843311894       0.97981892353538314       0.97382365668689963     
  0.90461077366305020        1.2805278131070008       0.95156494829950800        1.2904483189113396        1.6168108715708034        1.3015897241368881        1.1868816439350507       0.76385948580791663       0.80482178946944660       0.96989978558760215     
  0.99389352300870126       0.95602669739074209       0.98331930302939319       0.96301370536009956       0.97962923458356987       0.98694469351792680       0.90299654152440401       0.98340122423199028       0.99027368780181846       0.98713404071038680     
   1.0299229004482153       0.87715815527704666        1.1208336350638799        1.7713642277542341        1.1551441309794546        1.6674785700871539        1.5220396209718341        1.1315990428162535       0.81459504555498918        1.1600629880363640     
   1.0000000000000000        1.0000000000000000        1.0000000000000000        1.0000000000000000        1.0000000000000000        1.0000000000000000        1.0000000000000000        1.0000000000000000        1.0000000000000000        1.0000000000000000     
   1.7371337148564951        1.1010591726640968        1.3053560233493728        1.0367823619929861        1.2620959200733859       0.88906100246626385        1.0217308413226671       0.86783813685625733       0.82141156096173007       0.97388708455686190     
   20.002727198816821        17.245581665865654        14.641643668225569        2.9197755256389017        14.111454529393868        0.0000000000000000        10.523650531782977        13.185246329563473        15.141587622528816        12.393738238738171     
   9.8053676993715477        15.274739473732861        14.970333257070655        14.665210285943019        10.721312732040607        0.0000000000000000        11.952154306984717        16.369899299628305        17.221442114826026        12.318505365433882     
   16.340814999172114        9.3292510369054380        17.606689095115193        13.780347587621801        14.632672406667536        12.352734848302690        12.604533519260018        10.561969641226435        13.474318795038318        14.921490351945268     
   11.146838451142976        7.6666124301957810        14.760722306814127        16.540003077636563        16.798040820927405        13.455494175840125        11.774520571026555        14.300364388849051        17.066431426395265        17.064278957694373     
   11.042492389761575        6.0558723731139859        11.293650988910604        16.533730113299331        13.366773214426582        13.479408159557556        14.654941001616699        20.953767246528376        10.308243497168805        14.346239236883404     
   11.778770319679236        3.6582955463195903        14.650380529160351        17.890859632207391        11.394958144656187        16.803002724633259        16.883643890229653        11.886829924236677        15.015796788956466        19.196552482939918     
   11.954652820835689        12.020589493295793        10.199243845414042        13.736501082923485        15.480608178388103        12.767613169008632        15.125422296206510        12.643595469466399        11.575761112003926        10.293050497795617     
   15.612697828647311        12.627780891635446        11.800645972261005        14.905400210011697        13.648122837854050        13.740465972683738        14.933837624016805        11.740334179338690        18.237326523875858        11.585743878817510     
  0.15922896473919326     
           1           1           1           1           1           1           1           1           1           1
   4.2494751708250554E-003   3.8733524005707728E-003   3.8140799848307030E-005   12.434378940931213        1.1422976789985460E-004   1.1484143671151727E-007
   2.1950036697302967E-005   2.2867702332945761E-005   4.5319497233597932E-006   4.4627917101663875E-002   4.5307220210380807E-006   2.3332577559725418E-009
   5.0000000000000001E-003   14.502940178727295     
