   0.0000000000000000        0.0000000000000000        0.0000000000000000        0.0000000000000000        0.0000000000000000        0.0000000000000000        0.0000000000000000        0.0000000000000000        0.0000000000000000        0.0000000000000000     
   3.6719860029224118E-003   3.0098366267580835E-003   1.4718620589634225E-002   2.9658887281891429E-002   1.1492665150361897E-002  0.31523379111850619       0.13603742606932079        8.0447000346079572E-002   7.4091658751664471E-002   1.3103771898134910E-002
   1.0648491997711560        1.1211754849545801       0.90679315552080353       0.97667346951835055        1.0982708483542645       0.58820547072909612       0.53325527258485372       0.77503694152451952        1.1430279326563417       0.77228901237214065     
   7.1139263853507509E-003   6.2957429706244367E-003   3.0486674908805817E-002   5.6295304772320476E-002   2.2532931567705750E-002  0.41507358315664711       0.22643217570893368       0.14871084757030253       0.13395635713547480        2.7309762854108448E-002
  0.81274871719145259       0.88506664000292601       0.68161843801370292       0.94710309998238129       0.75610998308695276       0.96150907489184523        1.0485659241582170       0.87785006780196018       0.97943287223327935       0.65283955311870900     
   1.0331936927955929E-002   1.0298978136066058E-002   4.5605381386577333E-002   7.5288312020924203E-002   3.3512686142528350E-002  0.45783624720549554       0.25386946897290485       0.18543469625179099       0.18000396146642086        4.2749115220061890E-002
  0.84649049836554735       0.85346614145212152       0.92443912466133071        1.0955135152365403       0.87439361137282867        1.0281824138033340       0.73715124931370568       0.91360009324632319       0.93862844475188578       0.84270248962023098     
   1.3068136140006726E-002   1.5432967184114209E-002   6.0850219412797585E-002   9.3175397187783324E-002   4.4624868561470785E-002  0.48326255391871015       0.28165965612072791       0.22363646953810645       0.21923452355353201        5.8614262526164890E-002
  0.68344982168073021       0.98947453535897600       0.70368983497602300       0.71642316707263531       0.74792204758970049       0.89743438806700615       0.99297615098686554        1.1804412985920689       0.84892419634844929       0.73305116094210887     
   1.6116659698404333E-002   2.1687030304756785E-002   7.5089658538031387E-002  0.10865288758232985        5.6725649373028916E-002  0.50597597508866543       0.30275137676097741       0.25166253986062231       0.25512668181210713        7.4726515614794375E-002
  0.67135233336412625       0.99035406660337622       0.81313389859859819        1.0794656053386347       0.86273653172634590       0.82843702695331944       0.75776132318911815       0.82502478220582853       0.77400905275935039       0.79014110421065076     
   1.9421234738190640E-002   2.8405356727527267E-002   9.0043236185364223E-002  0.12545013953122233        6.8562666023160454E-002  0.52588141185882231       0.31916367000978041       0.27952609594439048       0.28856048899136921        8.9835481265779990E-002
  0.76439424156241620       0.77565837076562316       0.72067867725326595       0.78844376296186591       0.77616497553408548       0.72821340950877400       0.87000157575050674        1.0303858038000442       0.94008083196628001       0.86048507855127310     
   2.2903146842192617E-002   3.6124028731364201E-002  0.10324307040652421       0.14125307853832109        8.1750219376566347E-002  0.54267357974917418       0.33370597812809610       0.30575353990321730       0.32111570410358720       0.10449004375325321     
  0.74999254790046643       0.73397584229254020       0.72882045451060107       0.90105327903373689       0.90584261741307837       0.71819145324044287        1.0619197131515818        1.2906572369560183        1.0184739475049098       0.89245388374594226     
   2.7482115384482544E-002   4.4633517880800437E-002  0.11642869889713181       0.15771363164376070        9.6472348135824795E-002  0.55793718127324021       0.34800910358555820       0.33038091089875787       0.35033261926047649       0.11724967543448075     
   1.0676661298741204       0.78420756966198846       0.80303830422926348       0.74078498335700060       0.81532678672907544       0.87111634001035099       0.95656203198502965        1.0357145646249657        1.1268643359889456       0.80524165346213561     
   3.1553551661045634E-002   5.3637151611464470E-002  0.12960840831913908       0.17399903415447407       0.11253605439567232       0.57243264835938124       0.35975922544662137       0.35275945848340073       0.37719247042404164       0.13035102135984214     
  0.89680068273064573       0.76669085604464904       0.92326417717497367       0.89257705568924339       0.80082028253959814       0.85093743460361104       0.86019433079182550       0.83998976555998051       0.83313795552635328       0.73532108410926933     
   3.6088975785513948E-002   6.3405672930437862E-002  0.14345386935753318       0.19019550860788567       0.12929814162583847       0.58593474959817748       0.37090028149142729       0.37266427504054445       0.39941125997212007       0.14406097646308660     
  0.69592174141515650       0.77396358932244591       0.88667064316619604       0.88795956551897826       0.83581807276540188       0.79057900099899259       0.82083694323138989       0.98270615721834997       0.80195391890328460       0.86199749090848399     
   4.0712456012854323E-002   7.4441576581539659E-002  0.15858150692288284       0.20618657121458969       0.14611163398013821       0.59753513378472400       0.38154598657897693       0.39169104733451188       0.42219288611972622       0.15880287445848351     
  0.70919953590388007       0.77537994974883029       0.86658384891823226       0.82355201369406872       0.93806194344376270       0.85992639701579709       0.93339710839749801       0.80768799120181312       0.62861661118630885       0.81259496398350672     
   4.6120990828981197E-002   8.6958696554034959E-002  0.17506455301537974       0.22029827336176039       0.16267752854714448       0.60817316026085066       0.39196012883036990       0.41033208584428604       0.44348569983349428       0.17474889270054847     
  0.79099422564072230       0.84212686704573469       0.82157213618293590       0.66724799201225893        1.0394559725327235       0.71159295213282503       0.91355109934791845        1.1234361221064721       0.82216687818804479       0.68239402087309764     
   5.1324107953404988E-002  0.10102176671428029       0.19349030555727681       0.23485285505303430       0.17881306935205896       0.61830670572840263       0.40206040335179477       0.42901593649440917       0.46651482748899309       0.19090361945674444     
  0.78060342454745701       0.83193885095939557        1.0002545908612563       0.76520351825316102       0.73219616671269405       0.84600054259714896       0.92039470810441748       0.90922078079635649       0.83465844042264670       0.83404528238593301     
   5.6566748313595712E-002  0.11767183142459381       0.21171391589331989       0.24869611974448411       0.19397006999788902       0.62882288607774628       0.41159996182466324       0.44712460344518151       0.48699019295397866       0.20782917351639466     
  0.86077795988032890       0.72067800787403946       0.96693626249321496       0.89827565836783274       0.98906083390031407       0.81178162454505076        1.0883535447640917        1.0040266417946706       0.74987020703060026       0.84225348640826891     
   6.1674415864588855E-002  0.13657553206898765       0.22834436780294334       0.26255808838010014       0.20937848510964782       0.63945221698616406       0.42097432123664486       0.46357940926643915       0.50490562051068844       0.22446077418048149     
  0.76994707409781238       0.97193652609385239       0.90280185439848315       0.91420664420193121       0.87278156373078364       0.83152673747779271       0.71875727706730441       0.85158123957544651       0.74047044430133580       0.72994016911857096     
   6.6881122787046957E-002  0.15705892452952086       0.24446235999715518       0.27523659680628632       0.22724753243685289       0.65007946975072672       0.43050163210552755       0.47891759992800792       0.52156857883025975       0.23991688800653252     
  0.72655522672215511       0.86467625739069742       0.67665266684948600       0.85983859859022160       0.75313539589831913       0.86564263556045240       0.77906353524394356       0.86869543503944346       0.77552531680509118       0.81395855808297146     
   7.2029223381959176E-002  0.17804787840527794       0.25973498261377437       0.28761634453721768       0.24509266448311276       0.66070660079227739       0.43963238358147860       0.49361904524607347       0.53815516083519632       0.25500606838772333     
  0.73335676806036221       0.96168530964970733       0.74958719445954047       0.77935423731740372       0.99024658260801734       0.72047098621728400       0.99012163012159238       0.88751120562646979       0.65351895611147071       0.69452559765783684     
   7.7239497878867719E-002  0.20048922290353371       0.27596151765562588       0.30012535447886496       0.26367502295522832       0.67148998029685925       0.44784244790941891       0.50787418824147901       0.55698279589222188       0.27074876517518415     
  0.74576170795476271        1.0878784269803170       0.74159909380871314       0.82430861185260662       0.85271302403079929       0.94742317794993769       0.93186386792846421       0.69197422621800420       0.64704285977360687       0.75769762448407885     
   8.2016121897454691E-002  0.22493672378945206       0.29111153183993693       0.31377675558671769       0.28192668861904480       0.68222320734307829       0.45559244994806936       0.52109334347642722       0.57640533135321836       0.28652527003309697     
  0.77361337184029799       0.95519222464310283       0.87337827221038489       0.75696613940533519       0.75886391496116179        1.0708188074359151       0.86165757813087440       0.89652724865602829       0.85895516190995425       0.70531113997191475     
   8.5927050602783744E-002  0.25054047404708513       0.30621448519194705       0.32829407567528174       0.29965678901079412       0.69227949003717359       0.46327801910203703       0.53492252792838157       0.59135253568094881       0.29832401903725836     
  0.62596544300787627       0.78499928182958878       0.75791547953123994       0.84795586741163054        1.0422739271877832        1.1172633380452894       0.70093477492347223       0.79371375074280703       0.71008629538736423       0.87413758311696810     
   9.0405340169268322E-002  0.27641036430577354       0.32126626397866698       0.34304324709993583       0.31666738699047292       0.70070148022214329       0.47096784420059007       0.54923833293832602       0.60368624169486573       0.30908548557458487     
  0.65920475853027372       0.75034105635465598       0.87435025082118023       0.96767720079960462       0.81010843478382988       0.95995262702350470       0.86618339089476437       0.84703301861841118       0.58223415275295309       0.73437623617920977     
   9.4870617128345006E-002  0.30235193502265595       0.33767644730160851       0.35702380030133335       0.33300438548927841       0.70791020791020876       0.47855877353783710       0.56241724497827272       0.61522660178840294       0.31999462605710216     
  0.54856624904046880       0.80131522613985084       0.81582975470550934       0.93261778630818903       0.90229077723080497       0.79683600868402393       0.79516984366603627       0.66766221021094774       0.71209784387380026       0.70496803813846964     
   9.9799534736870657E-002  0.32911068617880745       0.35349915589068465       0.37008219299372447       0.34936987118523055       0.71444550270519858       0.48589294685011108       0.57532655770311092       0.62786677841456284       0.33269188512335779     
  0.68139676420521855       0.63949853714986216       0.78188528308091043       0.90808516434589837       0.66503976019859135       0.59788753462866662       0.85821901014746893       0.83205786866400444       0.65519414802973308       0.82467752660763927     
  0.10610613041016735       0.35720406443856845       0.37013330841988490       0.38315849221368903       0.36599817531537771       0.72151376097465003       0.49263509031400576       0.58820486269505201       0.64323526886887983       0.34866162184909028     
  0.81635542157010899       0.74622215653547697       0.92430230181488970        1.0604624273566305       0.74384810060832651       0.84186797203382369       0.77949752681926476        1.1003298356415883       0.73822825859041252       0.83439386195229082     
  0.11280195290541060       0.38776198998919581       0.38529206772359814       0.39649457997106469       0.38196740575571153       0.72904086708801452       0.49865626203027913       0.60114904981952488       0.65875301973002631       0.36585537836269783     
  0.92774684744353286       0.79054884476988740       0.82386064027110917       0.78298319513019965       0.66821292392747733       0.99748714423117935       0.88887374855031887       0.79643607230938407       0.73993305349804461       0.96346779301474306     
  0.11973372733221284       0.42191003981143310       0.40038250547755316       0.41103645201965772       0.39606430391971870       0.73623968973511544       0.50422938415827145       0.61366886272772125       0.67370843752385190       0.38165524320573480     
  0.91020664645040583       0.95664648785708561       0.82023516408311836        1.0267388087272720       0.80799165146726637       0.89747660701550447       0.56746381604620766       0.83621206000652004       0.91650206464832018       0.72553756296580085     
  0.12687283491965787       0.45275000749322064       0.41523222136529908       0.42510556764950030       0.41048249961863176       0.74344762330763325       0.51005431990891537       0.62569808488424616       0.68827615843720469       0.39627274237885840     
  0.72105378078790383       0.98417496008179706       0.70491404310182837        1.1093338292789332       0.69975210638968521       0.84273276872743197       0.87404325713146414        1.1018582747979844       0.80355639923469524       0.89618410640455759     
  0.13427898699073795       0.48121338877252950       0.42941776658593861       0.43795899969509106       0.42485349560889474       0.75065344897133501       0.51652737586427577       0.63727464719125437       0.70265266017545758       0.41078116770708301     
  0.77614058102750139       0.77896127310899677       0.85117865856760788       0.66905259322876032       0.73167137558366580       0.71292659524215896       0.81929739849626926       0.87082966170194487       0.72305492634170687       0.65640609699711583     
  0.14165505755970140       0.50714614166687089       0.44452974400048567       0.45014427339552554       0.43932270395238388       0.75805980013436836       0.52315202974811292       0.64856789490380307       0.71674679953992659       0.42566909653489815     
  0.91039227396679490       0.92624811399835316       0.54790932538820958       0.86569286470088302       0.74618380187633249       0.81867148064152695       0.58831125681926821       0.78160095247770733       0.72105274630278005       0.93502263988026013     
  0.14899818285032498       0.53397446980301322       0.46038829035781070       0.46157144860887261       0.45577854093339987       0.76555792264827371       0.52953733590536167       0.65895028910756070       0.73062056907568584       0.44181324749269180     
  0.87834785166726026       0.78266504785808877       0.98097887381477245       0.71767498137124375       0.81119716168903910       0.91001999420422897       0.79265965063630339       0.84841852499643178       0.68914838881229779       0.67995731406284188     
  0.15700400693726135       0.56134297923231480       0.47614529850072923       0.47342375890278299       0.47406899575202938       0.77309091520841855       0.53554957852171248       0.66899876866676611       0.74361180256775983       0.45895787480962946     
  0.74440725049205958       0.78969151173012819       0.82775088976715261       0.82842653599538163       0.95528204096888758       0.76204281783229233       0.82616781124880956       0.81730886434663463       0.81759997475921209       0.99436229848287028     
  0.16561142026697714       0.58830362819259818       0.49131675816170300       0.48600296832982515       0.49147261231047273       0.78052266933717240       0.54138364698060049       0.67946405780639152       0.75622362314818592       0.47504183510412112     
  0.84983718314312695       0.87560909256886266       0.73253020034163541       0.80213610457350260       0.88560550367007196       0.82418306777176398       0.79189480408698565       0.86430176149423177       0.88700222913897953        1.0016071459657114     
  0.17396460472211889       0.61254166931481790       0.50605042472521122       0.49912215980915720       0.50715517089076534       0.78785801032385683       0.54697153876403737       0.68935253219032377       0.76789023004610746       0.49009631872345066     
  0.77375866591041054       0.91715122213344946        1.0405010494129014       0.77509569298881620       0.96532069728011871       0.99976698668395669       0.62370760489214683       0.91984694333174011       0.98533787564525632        1.1210079846579624     
  0.18226898035081004       0.63587915690623376       0.52128574867837485       0.51315565171579769       0.52291047680142011       0.79541092561260762       0.55240669704664602       0.69866574439077500       0.77899219151478127       0.50518501651665126     
  0.96414966186782558       0.67851417142630532       0.85932254386659945        1.0108741884641477       0.96569394575245493       0.72047527982409898       0.69552036899349234        1.0284586781540699       0.71313292276024465        1.1253043639088551     
  0.19030200868375058       0.65774036796517865       0.53676868290522028       0.52707576678730927       0.53879008103321058       0.80241018157899791       0.55798336903847445       0.70757125171408508       0.78982070081120359       0.52036476445528990     
  0.85038440127205028        1.0677929621113176       0.81849341384115137       0.84514057003195264       0.79911866792221775       0.84362264740040538       0.75159454181904328       0.84297265708542246       0.99513942576894299       0.86201810333659046     
  0.19865786936377783       0.67805011241264035       0.55244067857403389       0.54098309486948182       0.55435899716405468       0.80862855108354748       0.56363889338268292       0.71646674187304948       0.80080054363839903       0.53558175928148277     
  0.79303095065252049       0.81490372240823461       0.79520594546438494       0.70634269651012782       0.89778870689355472       0.88385677346985259        1.0667183048997628       0.72506308302360145       0.90080941591721442       0.81065100845909421     
  0.20750317970733403       0.69921901799105490       0.56797739569431538       0.55427482786069138       0.56987687131279463       0.81514819570449037       0.56929402685511366       0.72536821976604482       0.81147888039261684       0.55128760162843160     
   1.0218896510985271       0.77559922199399023       0.82956038585013980       0.67647453377120947       0.69262980055364165       0.86732230838244107       0.83085248157349001       0.74367029574062149       0.99459078112163934       0.82586102708854936     
  0.21661752389381031       0.72150007335898625       0.58367709898496589       0.56766461646796973       0.58631911226514655       0.82226480792417855       0.57495462127028207       0.73305684314792019       0.82147439459904881       0.56719367553954303     
  0.80124944071094784       0.79551855648023506       0.85911301176128507       0.69870857350139637       0.59183574469427991       0.83248595522307578       0.64793611774628390       0.61247965920261260       0.76566283077828523       0.67267829211229313     
  0.22565134544825793       0.74201409952059272       0.60000679517630362       0.58037514724767225       0.60387009947138526       0.82854927783639998       0.58071829580603751       0.74045928473301381       0.83131101089011250       0.58317123287564909     
  0.84856633397159231       0.70434688315695049       0.98880622803439933       0.84173759930327297       0.80275318575216614       0.82846648634373621       0.97522626391245804       0.74653295988554114       0.62325525708169138       0.98362481673371682     
  0.23441170368729328       0.76081171523250268       0.61727155618561680       0.59364308681546429       0.62162284753160557       0.83449605131110594       0.58674042486763645       0.74833222718764492       0.84161818750682205       0.60037327169178922     
  0.79616421822944172       0.85079695173691927        1.0371804707268859       0.83721673137210717       0.85698490169130681       0.85339214079095471        1.0231845982055530       0.67129931104270124        1.0223662425281785        1.0261604944874241     
  0.24395868312570587       0.77763628421994513       0.63451654641696709       0.60820578865229225       0.63987357234726649       0.84048385469207154       0.59304940942694706       0.75699621344846435       0.85193545577169705       0.61829570730218442     
  0.93553115620078098       0.97379019988352788       0.73519082369669153       0.87896544257791576       0.87208823152826054       0.99745535391431317       0.75208499915762783       0.89529377070574001        1.1187568075538905       0.85858701684222838     
  0.25479049629781597       0.79475284400203416       0.65144917849397377       0.61965139304943639       0.65808351328601800       0.84688865652975565       0.59900265306799871       0.76702832673330601       0.86166662955759432       0.63618983829669173     
   1.1547832185459919       0.94607506498105842       0.90510444929498923       0.76457162587841820       0.74586221047417955        1.1582285246067743       0.78578520948510533        1.1568839808999700       0.88493257484535259       0.84808584360916761     
  0.26729034977046340       0.81162024772089825       0.66817676093037914       0.63020129291349503       0.67677464369406437       0.85356623210916027       0.60517182573786255       0.77689692812041522       0.87030462754501359       0.65370872106499678     
  0.81692814219772336       0.74971484035600400       0.81996227227729079       0.74691101231645785       0.89960574349253075       0.83712697906120059       0.66402061144727687       0.80449752477058734        1.0245053956219929       0.71190388702724838     
  0.28110777121495667       0.82730880260781137       0.68399685896462248       0.64172565386734959       0.69635647165055115       0.86008677061087579       0.61153586617818290       0.78591895334590034       0.87810405349602438       0.67125716478709918     
  0.71316598089344507       0.85441015898820261       0.91119422658302918       0.89042394260003832       0.75782184943143360       0.83998199391907546       0.93178401764842278        1.0039128157694397       0.82564574680839176       0.94136526105586948     
  0.29526712856857235       0.84113017816099400       0.69925932016575909       0.65367525863205511       0.71669648585156709       0.86660854266153342       0.61802058222921419       0.79441347423085273       0.88540822297951705       0.68872911356326494     
  0.64146870258292343       0.85604621871169007       0.73115783808105861       0.82727428337420505       0.79255311706708576       0.81242027120642035       0.99194954026790005       0.70799317618927027       0.88331781625168282       0.91450088040065070     
  0.31011648944774656       0.85389097037614159       0.71509489500064372       0.66605905825883716       0.73697786331107762       0.87287844549381832       0.62487519232365030       0.80236555387756703       0.89246447758897196       0.70566014012246014     
   1.1942899934607638       0.72708073861242917       0.67394421121847314       0.72790113635560227       0.87176017752834145        1.1815994700910770       0.82714746554301188       0.86505494115223991       0.86021440449798747       0.72968267405263276     
  0.32590260387312475       0.86651223671388622       0.73131484873758312       0.67810627235604215       0.75613931664068679       0.87886065294838456       0.63159270796377054       0.81090015341019084       0.89881927190207656       0.72207919714929447     
   1.1088213243118445       0.84827180929304702       0.73142168579893652       0.62017763209132115       0.88957690635606312       0.76176439906069982       0.94025200230169226       0.75432797531622087       0.79921196809959916       0.87448874892319395     
  0.34319691716949613       0.87956094012016706       0.74827570834830415       0.68998927875082550       0.77320841924453998       0.88455218751717746       0.63874712035997017       0.81939618168847472       0.90551883423184776       0.73789213051233249     
  0.90338744318704756       0.82841708864202290       0.91903274553141234       0.76465817439769301       0.84404370600615852       0.68849302380967403       0.84053603296011969       0.89394963793214122       0.99341387518474578       0.90958210899284442     
  0.36259157164612404       0.89241813288901828       0.76374191259160751       0.70261570756258884       0.78851391227730339       0.89046198231827023       0.64435041675995541       0.82819384188228307       0.91224026368302524       0.75375761099814276     
  0.82612332083643503       0.97763766731816182       0.80547785568291552       0.77665676278911755       0.77745633066557118       0.63247626187357697       0.78024675349881645       0.83178755597525111       0.85428403540182474       0.66809996733058064     
  0.38107829752353672       0.90418176145308127       0.77852501176016220       0.71532606109696895       0.80269620228444116       0.89624671768337849       0.65020588689273229       0.83720154306271977       0.92004103472470289       0.77005023618756729     
   1.2025374561710269       0.83050317306072563        1.0103570730630123       0.67528194468940372       0.76074847629316289       0.68002283798368013       0.66356934898755371       0.73042703730120051       0.97134872779392900       0.80663452907836342     
  0.39898083387131927       0.91492417509755242       0.79344637015428132       0.72691465744903916       0.81648289759231274       0.90218187259193372       0.65620294912192023       0.84601375711258331       0.92791524559407645       0.78667729675547338     
   1.0652519574541206       0.60911697736988935       0.75966458522855274       0.65199595254043152       0.95705490137241001       0.82418906699862549       0.63908953197993512       0.61326427849446774       0.99853012358387805       0.93157318424076496     
  0.41810246014783808       0.92470830245705415       0.80951627060611431       0.73842138986499994       0.83028364542364697       0.90818227973761723       0.66254366224513372       0.85520192358338953       0.93531152330405865       0.80286166793670821     
   1.1070615493465852       0.84224323702053239       0.84219166149146751       0.79500761671489339       0.70347815175521888       0.86881002764120241       0.89158866913036738       0.78071567433044475        1.0764953034640556       0.82048066354788218     
  0.43879712971010154       0.93406678139238986       0.82350663953478631       0.74945694892645054       0.84517246432406901       0.91464602913835202       0.66939678997818164       0.86427125626365264       0.94173758327157719       0.81850625644613073     
  0.83174861839944969       0.78677659702047786       0.90963966759518988       0.74958517604067088       0.71970450708418132       0.73788963680400932       0.83116785626783540       0.82840407739746114       0.84751824394934283       0.90370313516240341     
  0.46142785038524753       0.94169840775352054       0.83658958145579765       0.76013489076774432       0.86238360836722461       0.92123654286894985       0.67724866355478230       0.87376601109216689       0.94816233627342406       0.83374834359143202     
  0.90256145224859752       0.75264017556501317       0.62752870142091244       0.79045099145995168       0.87315241137218302       0.93606943910308404       0.82932005229678540       0.83513125985457914       0.84068489846317485       0.73209736383312762     
  0.48660230452879488       0.94947982343374282       0.84953632540883406       0.77164645434176093       0.88099397472096186       0.92797026148337114       0.68553787517535880       0.88317799890222815       0.95337392716477665       0.84984427632568416     
  0.86926001977398126       0.83021918963057728       0.77827155838521778       0.70104529657288051        1.1934292285509107       0.81027684166989555       0.84943745262525239       0.71750658506188469       0.86650662680392665       0.81560109058623298     
  0.51830141653050610       0.95656455928977591       0.86318922244055463       0.78446710598608116       0.89833953836499492       0.93474192063117434       0.69450706527975947       0.89259182176788332       0.95873465932630819       0.86739870165587485     
   1.0806655931773679       0.94888326587529770       0.89255219792687368       0.64959948684854585       0.81054104141651417       0.79105309342684949       0.85400071917452758       0.69908999914088099       0.76159423190307740       0.88753580830176582     
  0.55496343590500830       0.96310688216459961       0.87961614878608874       0.79733937054347359       0.91219587440585126       0.94097172281808183       0.70515720412396488       0.90414373061634601       0.96400151859206107       0.88523403748102891     
  0.73231236149689161       0.85498976152853545        1.2082012348410189       0.84353176124916107       0.75214236708321158       0.72527755073413958        1.2736666117308542       0.75339116399556771        1.0323581499956993        1.0982585266295641     
  0.59284181595539220       0.96953430341379465       0.89990957639163938       0.81380905945558202       0.92524316431107934       0.94688243899515312       0.71650830968775270       0.91552989394935835       0.96945019926145559       0.90239659804683692     
  0.85343750105648386       0.90718268354561094       0.91249326283271837       0.92127571509163231        1.2118724088617536       0.78395076714503598       0.82934775579417275       0.73594244881293347       0.84295807957022206        1.0076753421180771     
  0.63238155313816291       0.97527647327771760       0.91986470380793772       0.83163684799533155       0.93742428315664028       0.95322845319131977       0.73114395262971577       0.92652643491041642       0.97501490091068721       0.91909709245645577     
  0.99580840396539938       0.83853499425084577       0.87838622662387922        1.0617346015798792       0.80827825630540340       0.78345522247389821       0.99198659308624781       0.76345741094804098       0.82829124163063361       0.81391686513601547     
  0.68818549042409882       0.98096713728234508       0.93769627227104457       0.85264394427941503       0.95037058521721307       0.96049567462466656       0.74803884776377161       0.93783221289543095       0.98031211894954229       0.93443275869923703     
  0.85308416283518784       0.67439455306861107        1.1378941615978109       0.92686725590256225       0.77727366344053606       0.99333028911408139        1.1107438415574333       0.77684251848706631       0.76160594248109625       0.91845466973154843     
  0.75095859829138045       0.98640852124604250       0.95290614399778129       0.87111827205211201       0.96320517885373658       0.96757773821811743       0.76895302224496964       0.95078776105892837       0.98520430293282579       0.95002342734975487     
  0.92330334481837006       0.76369104864292126       0.93982690859151885       0.73443833351705068       0.79129037250384593        1.0442803819089224        1.0147909238257606       0.67618425900414880       0.84326261105346523        1.0570769361626897     
  0.83260470102317119       0.99139608128261880       0.96811338142923331       0.89483906766656152       0.97647571006983824       0.97543675572945965       0.79646155193726542       0.96492854902299408       0.99004241923610770       0.96599559327635920     
  0.75309410517118924       0.87017442132191014       0.82202395034201126       0.99910016126700552       0.77398709843622815       0.73732582725715368       0.81510398928065908       0.71069031599166532       0.85677881207650119       0.69390757233822398     
  0.91256441917819431       0.99592172154691627       0.98486167190611329       0.93334178565318537       0.98810608524460530       0.98505379693228723       0.85425011814949570       0.98176618778716707       0.99517507339365485       0.98245940817288568     
  0.80520057273712298       0.74962645580444753       0.83336460179933447        1.6144177714412042       0.86426063701447764       0.74530785016984380        1.0124277786482017       0.73575010733770541       0.90890372776561779       0.94806086458010019     
   1.0000000000000000        1.0000000000000000        1.0000000000000000        1.0000000000000000        1.0000000000000000        1.0000000000000000        1.0000000000000000        1.0000000000000000        1.0000000000000000        1.0000000000000000     
  0.81685207486581690       0.89560762224958745       0.76140617614164896       0.82133564840193818        1.0240554651763414       0.75514483507051255       0.55744084299815433       0.60826443364223914       0.58661360170621490       0.95257377333356819     
   16.446978843612243        20.814328751687988        13.717271570387146        12.839652582884236        16.288395306531399        0.0000000000000000        12.067715868343406        10.613095813648359        13.871444082238209        14.332881763568000     
   11.016475887729461        7.1700346633977672        13.144188510140802        17.453303485415166        7.3397426026086343        0.0000000000000000        12.410103451478230        8.1633332610072316        18.092862345630454        15.517242180794893     
   12.057269802188593        12.163278715150494        15.939293836766950        15.808033778535137        13.457828148938933        12.005280847277524        12.576570371946294        10.984800351382166        15.708088891162006        10.472853010996808     
   8.8069467599440596        8.3157525232471201        12.323694047201334        12.535702266541957        16.597328616907873        10.304417907114543        11.277092985633992        14.150731739633784        14.886946801636052        12.705137075636664     
   16.398791587768198        9.6751213456666800        12.642587003869432        11.059110824599212        10.477264183463468        13.105093469235060        14.807266433181715        14.663114555991076        10.344470006487262        14.492851858560424     
   13.490704834475586        8.9122126028702073        9.9114091787396319        13.365851316784340        11.859883740258033        15.334648461594600        13.425463586573331        12.716765768528729        10.961936565871440        13.751684349135108     
   13.080260473045509        7.0040083042193482        15.796221820367514        11.171098721464036        13.659439612788864        10.629262564401971        15.430273759592890        12.393533228790087        11.549932846070794        13.922217046328925     
   16.102177973674731        14.885483009331738        11.791381376090950        3.1772827113041968        15.431560617659143        14.140190582552430        9.9180668826392022        15.535502954140814        14.936430200332714        11.969736444184022     
   2.6015257451904588E-003
           1           1           1           1           1           1           1           1           1           1
   6.5450408864765398E-004   6.1981072470924752E-004   3.8181699122461607E-006   11.402176652508032        1.1132648661590310E-005   1.3171340674812071E-008
   6.2046909402457105E-006   6.2273992816997188E-006   7.0553918615904083E-007  0.12790698022477823        7.0542206700515913E-007   6.4162169792538762E-010
   5.0000000000000001E-003   13.364803050252998     
