   0.0000000000000000        0.0000000000000000        0.0000000000000000        0.0000000000000000        0.0000000000000000        0.0000000000000000        0.0000000000000000        0.0000000000000000        0.0000000000000000        0.0000000000000000     
   1.2046572276690727E-003   4.1742116297168062E-003   1.8022321303662554E-002   1.3308607045542929E-002   2.0028217326685558E-002  0.32609677058220238       0.23474587131097063        9.5406914927693612E-002   5.3569603044773942E-002   1.3251195850527794E-002
   2.7991263373527713        1.5677821662217883       0.97992907578132060        1.6491611619010471       0.85869447187304138       0.77164806434765187       0.81125010392898944        1.0593112302415191        1.8368877181050192        1.0418096409321560     
   2.4730311687740144E-003   8.3050657982062671E-003   3.2632140004803759E-002   2.4921046938037161E-002   3.6723348812217699E-002  0.44222844268254896       0.30319846462716199       0.15779766997678926        9.5297614630891328E-002   2.6902024007261362E-002
   1.6236924781358772        1.4855359164766433        1.1203220282499602        2.3108319301050928       0.99694310733128333        1.5090398841542698       0.96611298387378142        1.3678729097421620        1.6642816387810573        1.0320636877068354     
   3.7771500660611435E-003   1.1968593601026149E-002   4.7473494658244027E-002   3.4957670350842907E-002   5.5281538506650081E-002  0.48466609176552250       0.33963022521127068       0.19966436547737348       0.12444834047653108        4.1505370417619231E-002
   1.6209449204761679        1.2367896177490032        1.0356190177950682        1.3156143291242193       0.99722000846801051        1.1348491280725927        1.2034801232455443        1.5517425892171066        2.0873200501940645       0.94668613302516391     
   5.0895668960561028E-003   1.5258292713641724E-002   6.1700804582561539E-002   4.3728028353412308E-002   7.2612446945067938E-002  0.51043045458998748       0.35782158856361485       0.23470709350754232       0.14969950048958602        5.6055189979605895E-002
  0.92306888153871502       0.98551309608887872        1.0721729635510151        1.3800180214165192        1.1678745432354516        1.1223528716684763       0.81658860351092311        1.7930936997432114        1.4460776996849174       0.97022136855034025     
   6.4221856503202468E-003   1.8447768773518738E-002   7.6360973918233571E-002   5.1628502590984338E-002   9.0520497448317805E-002  0.52941079881409459       0.37606141978569857       0.26367069067248422       0.17374905754605008        7.0320618069681748E-002
  0.96930774729987590       0.98542911857470628        1.1034261175705045        1.1368968938355035        1.0956775180542970        1.0413212016617899        1.4050219945305515        1.2779971404045172        1.6549058399615917        1.3217276929308246     
   7.7293121730044132E-003   2.2083033795908962E-002   9.1760084586203508E-002   6.0590785003710956E-002  0.10825933185677425       0.54651116259374843       0.39240535489369782       0.28798971222097941       0.19997382147990439        8.6448732993606253E-002
  0.91983143925084532        1.1256935534847634        1.0366838992620224        1.3243816544983638        1.0385976489429960        1.1727345843887436        1.0035727390872047       0.95303878935465847        1.5714791726081268        1.1056515164170260     
   9.7649605397197164E-003   2.6081623465061012E-002  0.10764587102251394        6.9661205480736565E-002  0.12756752079928887       0.56291850022612944       0.40734376080704748       0.30747797365701390       0.22670373345115480       0.10307994758987434     
   1.4067505962795697        1.2137038580683146        1.0555256086330529        1.1214321334459829       0.95346534960919271        1.1599532018808507       0.83290935748001083        1.1895249068674112        1.6073900735362889        1.3700084744407388     
   1.1897779659500384E-002   3.0511106485518802E-002  0.12373038415108516        7.8693344874133958E-002  0.14741044646121595       0.57859487382649866       0.42061193368887256       0.32637301583120504       0.25123217520481012       0.11949417105091981     
   1.1868262977792992        1.1939650618155426        1.0957631235694132       0.85610104938510800        1.0919680470412774        1.5707311436812192        1.2064176872414871        1.1437716708842613        2.0941748352827303       0.95793004260287506     
   1.4049693854856420E-002   3.5845388053440404E-002  0.13881730308276141        8.8539853424826412E-002  0.16641989403449720       0.59261975495196406       0.43313019844850587       0.34632967011443794       0.27269119892032262       0.13625966236635212     
  0.88884107777771704        1.1516834136403871        1.0254942328329260        1.1943823581649504        1.0089070473770958       0.89406800392997632        1.0982444736138528        1.5334700350324966        1.2611694160803275        1.1938525453153392     
   1.6250561943032371E-002   4.1169919796333408E-002  0.15316823689373499        9.6825418686465700E-002  0.18472889385203797       0.60614068192893722       0.44395969055846313       0.36807890952979783       0.29192695204836416       0.15307698575899462     
  0.84656621028913170        1.0858785588996802       0.89547196786122440        1.5454277348473195        1.1428291759176583        1.0088917720533341        1.1076562379938417        1.2154612827665066        1.7009587926862859        1.3160556457516617     
   1.8572739270550052E-002   4.7072981830244956E-002  0.16615991068474406       0.10385928609583038       0.20254204354960220       0.61766089206214303       0.45353704060263766       0.39095704780237933       0.31122448452136525       0.16965338874331617     
   1.1863427203697967        1.1296215154023812       0.93172843631145152        1.0430363188820613        1.3801725196556116        1.1849055992168198        1.0888956308968540        1.7931143301790768        1.1839632200208119       0.87948028616426022     
   2.1188784594711321E-002   5.3001223093375960E-002  0.17880396633120230       0.11178448608437280       0.21958493156599854       0.62715370531174919       0.46248357508699928       0.41226596632508916       0.33394553535612531       0.18794768012984225     
  0.90298633158922281       0.86174865764112385        1.1664747288151458        1.0275493502010742       0.95019703637251285       0.89986821531261774       0.91933265171055056        1.0676571637058789        1.5709292081157820        1.2126199703305878     
   2.3939445478354634E-002   5.9076636022525886E-002  0.19300700924438899       0.12008646232714761       0.23559275325658449       0.63728355970569495       0.47119474739829753       0.43114665979236488       0.35453141634773061       0.20662134820965619     
  0.83971058493329642        1.0879781005969880        1.2343796287807023        1.0043885935087826        1.1305682834019151        1.0768826614061420       0.86855218027920500        1.2370206332366471        1.6244604029981695       0.99753213223444259     
   2.6720166973448669E-002   6.5372444563870938E-002  0.20901384427313746       0.12827538656111298       0.25079366839970474       0.64767952747077551       0.48011536954823164       0.44861425279435668       0.37158969394466507       0.22145590911256532     
  0.94087306104609403       0.98980061270522035        1.0630691924005868       0.95985488486386883        1.2011863203797530        1.6378152212404065        1.2082453495103198        1.0546915627884199        1.3309953746854626        1.0831484267949527     
   2.9732975369855766E-002   7.2031746560728277E-002  0.22638029670577023       0.13650814199373021       0.26560272348315545       0.65874418866247519       0.48935458646088420       0.46325262043666882       0.38786086716480411       0.23696763408182298     
   1.0275230088384713        1.0755946059109160        1.0387443426213852       0.94623877130311640       0.99685353905068086       0.95415655033293956       0.91335702402729657        1.1266337200609817        1.1083307036338952        1.1491920982580484     
   3.2817045016373989E-002   7.9224129209103170E-002  0.24195072535697285       0.14476307207536773       0.27973138808438569       0.66966455193732388       0.49888730690663896       0.47795925488514202       0.40426944538479570       0.25137403487753701     
   1.0563987036223108       0.88955096652517351        1.1681607349553176        1.0295994848941861        1.0019097130227368        1.1159164209343373        1.2693211340222665       0.97338562687808028        1.0215793345504811        1.0642357129877862     
   3.6519404744872599E-002   8.6837293112137420E-002  0.25589559438329673       0.15270506838910292       0.29497853140437447       0.67877378721751580       0.50784844080054037       0.49080108662967781       0.41957814537259330       0.26788584291159884     
  0.90315784559234580        1.1101554159666081        1.1272516634169931       0.91664544593368746        1.0158917156440137        1.0637591407133389        1.0323545821994111        1.1752754144665520        1.1235471713963259       0.93803769083935595     
   4.0513705621643623E-002   9.4466519636005955E-002  0.27001440765124424       0.16109504338724803       0.31074450169939954       0.68776631113917641       0.51648760770366409       0.50415612540960297       0.43604950679351973       0.28630050251532579     
   1.0215313603368992       0.85431831272254344        1.0195477012004763       0.87430213100936893        1.1028791272658225       0.87544944367183497        1.0602565089727336        1.0555255220420503        1.2563966227795071        1.2443838960241709     
   4.4808746145123569E-002  0.10205038063958047       0.28539543681109381       0.16966761971281036       0.32578333938036330       0.69695116498424370       0.52445127691229443       0.51712064627880683       0.45149622989843935       0.30339554797191570     
   1.1498273670583588       0.77631580483048213        1.0777238100440771        1.1487634836677068        1.1750519680313098        1.0163978137988829        1.1344574946869550        1.1673307188686304        1.0209748188539947        1.5445819901856244     
   4.9797520802952897E-002  0.10962366313323058       0.30144054810562665       0.17913725798620131       0.34015421279419744       0.70592032732842036       0.53223521626298564       0.52919932890641963       0.46628943160066699       0.31941078039392307     
  0.94603204867931201       0.94821946477359575        1.3648899365842619       0.99318702054092545        1.0866413640539319        1.2986103883035922       0.91535325291762271       0.97995406968795717       0.82396507759876170        1.4934102359278589     
   5.5648926216445141E-002  0.11699494124425466       0.31779766763306760       0.18997625748682107       0.35404037834034702       0.71412263041049462       0.54009401617152586       0.54139371059161334       0.48027093296920981       0.33479761024392590     
   1.0176859590780225       0.78569067476202981        1.1906138116202429        1.0071182746257588        1.1144492834668509        1.0324281599266292        1.1328550668479835        1.0800532108772536        1.0749980259421508        1.0504605343674347     
   6.2073714010719656E-002  0.12584487839620218       0.33319465330573117       0.20106367403824993       0.36765222777433343       0.72217778942315380       0.54749499546176872       0.55391324571671186       0.49454437826424824       0.34959033709754123     
   1.0521695282847852        1.0120327243477683        1.4512913005685681       0.83712855625116256        1.0161785809165207        1.1728909092433655        1.0452117077463234        1.2052916260053110        1.0837227788250501        1.0275840268615217     
   6.9010305432302937E-002  0.13536053938847870       0.34635268716811068       0.21206132493569099       0.38251251592587404       0.73028543371813748       0.55396591290096842       0.56675724175428188       0.50882706043132797       0.36287617944711759     
  0.94259844938850246       0.76979246092949638       0.91982841987710995       0.93084943674516651        1.1797801878087528        1.1754446794100148       0.93528648090898170        1.1975089880030017        1.1392583652851869       0.99723567429596860     
   7.6238490352094151E-002  0.14577382620534610       0.35944414239325356       0.22306969217732930       0.39799023541383599       0.73872667559585647       0.56028713322955892       0.58049124373972061       0.52485973065944325       0.37611106639884118     
  0.85699659804518824        1.1204629451196053       0.92613362053298398        1.2625558903442571        1.6261432999586201        1.0771743470116586        1.0162062416350002        1.1600601754676203        1.1763862362233264        1.2481165468579944     
   8.4331356246796968E-002  0.15606938694908762       0.37396380429983161       0.23297273149492023       0.41331273806893948       0.74709877904507860       0.56689421268509277       0.59246502914320431       0.53980207680595294       0.39015557556619246     
  0.93137458186522093        1.0792256485032345        1.1176877663470219       0.82097670507446618        1.3379562648063466        1.1835228577466970       0.97486145492773191        1.0907020323381080       0.92946644049820848       0.94020710613488012     
   9.3215564218643437E-002  0.16644360857290103       0.39104121518428647       0.24213801322208950       0.42875443985615369       0.75556307379308174       0.57299668746987908       0.60417259314584870       0.55478765368479632       0.40416036854715309     
   1.1725244873001273        1.0117858330304519        1.1282895354134281       0.78185820886455759        1.0675334005725103        1.0304913763116028        1.1449827109906570        1.2201651910903872        1.0903749104146987       0.90994675962876381     
  0.10355695523237786       0.17660985144615129       0.40773687817129195       0.25386737557271660       0.44248297941400100       0.76400369345490393       0.57921788085609349       0.61482682010791145       0.57050178909658855       0.41821302874164246     
   1.3481184716451902       0.92386580932608287       0.94889848213480910       0.96091652875539102        1.2116483897857686        1.2623695092308502        1.0065158570867196       0.84732942678728007        1.4774357711388957       0.98198026792484505     
  0.11475787160518439       0.19042039022339222       0.42411521412043879       0.26588843733335960       0.45575641982480436       0.77165291411947357       0.58544482646803964       0.62560142978733757       0.58579071020063933       0.43483757589028760     
   1.0396559658332176        1.4170940572374895        1.1628108769256880        1.0351453189748669        1.2882966317100446        1.3089688214987074       0.91937970840737515        1.2069069004295683        1.2311706965928415       0.96168349530179698     
  0.12754399619033874       0.20331395685664475       0.44190010297970506       0.27671923559102068       0.46874106235952606       0.77854455657464072       0.59205115327126778       0.63722056220065348       0.60144792781385581       0.45158272919918446     
   1.0056308126662297        1.2711803805187498        1.2424712873649955       0.79081180271157758        1.0328212622070199        1.1395999505931689        1.2981075979749062        1.0613068357781255        1.4013596509290416        1.4967074024831857     
  0.14171265239563763       0.21764969449605115       0.45957780720318114       0.28810057232018477       0.48192953379626025       0.78523915260368304       0.59895479854365730       0.64932812045992139       0.61542497578725297       0.46669333927293760     
  0.96532664087336395        1.2259135747645875        1.0047902603514698       0.96027912893155043        1.3462448629143808       0.95458822205876004        1.0275520362223178        1.0876418789027569        1.1636544721780253        1.2272552670382424     
  0.15606319290665091       0.23086695866164872       0.47493259625155271       0.30051909514446062       0.49587694342613609       0.79174093554584990       0.60566847417795389       0.66176445431734909       0.62897086805863556       0.48164770762299336     
   1.0424780902694428        1.0223922312066553        1.2135965902242711        1.1938101052973122        1.0727316960869437        1.0491471314890632        1.1492589339526562        1.2078258951708587       0.96358672351524710       0.94437587180883098     
  0.17067394637971936       0.24391217735141144       0.48924297390576849       0.31378302388953011       0.50913155936686327       0.79861682823130498       0.61219952238090658       0.67492262761676169       0.64260024030040086       0.49547002473683344     
   1.0852505834195902        1.3169052121631641        1.0506018464452287        1.0563425429214486        1.1285506371886942        1.1263871281921549        1.3358273480605287       0.93949808775892341        1.2413503509243056        1.1667426275255026     
  0.19303659506797655       0.25640538087784148       0.50433592953075113       0.32867338498992310       0.52328502052241954       0.80469217232052226       0.61887094800196907       0.68812803862795568       0.65588846277443880       0.50989625132380423     
   1.1347211305179485        1.0102908617045132        1.2381865925411686        1.3307432533953867        1.3915156498467565       0.89049347970101123        1.2169511866708145        1.5217221542222898        1.0506668323195454       0.85343572222362241     
  0.21501305857778674       0.27017294604046665       0.52015536663236484       0.34359841395517360       0.53730470323724222       0.81060951519173730       0.62478464829512703       0.70008462607470345       0.66831972992162070       0.52563747523522375     
   1.1694832129216906        1.3368691346251707        1.0106113039647198        1.2522245731589869        1.1626535597509196       0.92374000700788694        1.0196172366097465        1.5480287923539213        1.0661362366987741        1.1189942777811959     
  0.23584012160511611       0.28493529567102238       0.53623576106164161       0.35896746419965958       0.54957807203570197       0.81631300827198028       0.63113433122742890       0.71012414714952032       0.68022182611293536       0.54362596042119171     
   1.0130102481071790       0.96083518004191482        1.3526042494211570       0.93413495779017752        1.0457621217889288        1.4035193956463901        1.3720384995675263        1.0506536546679861       0.95701064502811184        1.0667607170345734     
  0.25600274948403989       0.30128755118060430       0.55215939562124794       0.37447494826459066       0.56189946757005893       0.82182673164886588       0.63731711663295176       0.71890327712739932       0.69112503471753151       0.56079504714256301     
   1.2753826159607125        1.0788675080297012        1.0555215924987598        1.0832169860414786        1.0739955322638708       0.92064735667586706       0.90897633644412146        1.0153452129251053       0.86466925684560159        1.1707111652843971     
  0.27713484069434863       0.31792427995343930       0.56830963248733235       0.39027255234508484       0.57450554300909007       0.82685007527667254       0.64319953451853029       0.72705573100274656       0.70271807484590065       0.57805084590804601     
  0.92983337828659152        1.1178167889860195        1.3022515033712427        1.0260960961721053        1.3062132769550652       0.98635424173841812        1.0835994225109746       0.82658772632473965        1.0412986041435555        1.1539420117978128     
  0.30146944366517864       0.33411774474714123       0.58442901775315681       0.40658600030313780       0.58656230742914450       0.83218652290905137       0.64942356336915696       0.73532143879055933       0.71584195694480224       0.59359491745163417     
   1.0437814454395993        1.1648126423916254        1.0717417175606840        1.1057495452129018        1.2129102585056672        1.2510707184736938        1.0744069195348496       0.90172275495691201       0.95580797583023913        1.0936395259968010     
  0.33129329112169392       0.35066040381164371       0.59984393578488870       0.42331111067747335       0.59883086177245481       0.83756008523472647       0.65601396084131869       0.74475478962435626       0.73014675491003833       0.60777813037647854     
   1.1858097659783886        1.2228472250255993        1.1439343913823097       0.96578265965661325        1.1547876304485716        1.1020796783101581        1.2466051172764274        1.0858549939206066        1.1823967197440559        1.1633475356680520     
  0.36314721998715882       0.36765606094566089       0.61487180281683251       0.43973942133213534       0.61178198469714073       0.84288855484749581       0.66305684474980653       0.75393892088050118       0.74433375211125397       0.62133298964135431     
  0.98771603250859774       0.86594543468107021       0.83326921783652363        1.2237544877286572        1.3314069033794607       0.85433161586069573        1.0922679837263853        1.0213216428723249       0.93151045732615301        1.0917902907399597     
  0.39456586151245759       0.38373991320193174       0.63017561826646851       0.45571566969330457       0.62654017145716312       0.84816503353553407       0.66972147350236721       0.76277800819209141       0.75720703110814580       0.63415702713662148     
   1.3969991202741827       0.88313454937222891       0.99633635632452200       0.94955471674373371       0.91652431908241450       0.97799568803267978        1.1961574403371251        1.0389054960692492       0.94281464936886683       0.75102917252860113     
  0.42569096961035924       0.40150487879702196       0.64642512587620571       0.47260094400631486       0.64206466900893255       0.85309357821689580       0.67610212985553775       0.77189290084822815       0.76834689833271730       0.64863352225099535     
   1.1363116608372190        1.1934035474963294        1.3240232476995055       0.97315694937834041        1.2519663793592077       0.94024837462645394        1.0742820652409144        1.0202334043791947       0.97243473391772006       0.94861271929087454     
  0.45857612515921431       0.41944493177131248       0.66427299336809764       0.49154245796663343       0.65735915862651040       0.85826877669705159       0.68190099698751649       0.78127071805329984       0.78042393611819050       0.66529209798143252     
  0.97906941841235218        1.0819706010740449        1.1061579805389188        1.2623125423220072        1.3251932704221006       0.80894472284738717        1.1699879077334410        1.2297014847369048       0.96877102914911961        1.2018857804498906     
  0.49338217496594688       0.43789261175741973       0.68250985395641606       0.50965460689611319       0.67200884376318970       0.86362674654827332       0.68792274336491932       0.79117574712337257       0.79312886974002839       0.68263282686559845     
   1.1940431237019542        1.1546144383649508        1.3837659736715140        1.2094467812139367        1.1088086796522776        1.0853808777329752        1.0003667802918836        1.0890572883443368        1.2445549790493307       0.96350709425126579     
  0.52841184189416168       0.45608526260178162       0.69978229977203588       0.52714226325026625       0.68528412350125345       0.86889375742428177       0.69425806531991163       0.80147287227101394       0.80487980662001490       0.70044242507497034     
   1.1170866959477845        1.5543322601032485        1.1251581109646729        1.0435605004729320        1.0585285047983475        1.2334157850554037       0.93804124746288153        1.0901432397240989       0.92733470941518947        1.4585847505063645     
  0.56119114869911080       0.47458337837609971       0.71595373641992843       0.54764956429418621       0.69878465075849683       0.87467779763923981       0.70142144668393591       0.81157215372798219       0.81654973051438706       0.71556256733721169     
   1.1384040301736218        1.0725955177790767        1.0861226718083965        1.3214345078068495        1.2665061829419504        1.0610874887063848        1.1039823546604759        1.4154745271955080        1.1810015183140521        1.0996852602336848     
  0.59223009079790012       0.49386973871476281       0.73099659448702625       0.56723292357303368       0.71185300611922098       0.87964784308769239       0.70768194810745744       0.82100313770777389       0.82794251655478013       0.72947393557774221     
   1.1181155242188370       0.97308000945867146        1.4076984124489080        1.1562922700628626       0.96714357183107003        1.0012782617099967        1.1385863348255985        1.1729841078036338       0.94060662102457049       0.94119212563831134     
  0.62464910146124752       0.51210602987254028       0.74597804704816362       0.58700276769548054       0.72548624917177784       0.88500556114147644       0.71437126667605599       0.82911412794215311       0.83877643775815092       0.74391696269616125     
   1.0194400919144069       0.88172247901007139        1.0706018150318686       0.83875096692701612       0.75058414820372366       0.83744705801879205        1.1487250680639232       0.87659178746804201       0.92611659741274344        1.0804213594568850     
  0.65615150710805281       0.53059883199363289       0.76058315050656622       0.60717138189222553       0.73929163469124204       0.89094723630306294       0.72228285197808528       0.83642212787078896       0.84870235112354908       0.75824861324548398     
   1.1938386383693149        1.0520126215938534        1.2279108908893890        1.0139957559819739       0.94106941484318873        1.4066262897692565        1.1361534446793622       0.84631276971221148       0.87322428550401843        1.0128971754751246     
  0.68279610102387089       0.55311533504363253       0.77588848492649598       0.62861887010607365       0.75546665711251049       0.89686723566184856       0.72995138140542015       0.84411539513610967       0.85874049276634568       0.77192151187179381     
   1.1074560642210012        1.1837761516051910        1.1702995551192183        1.0637691603719515        1.0837134988621340        1.0412820045472417        1.3768504486622004        1.0025204131891974       0.68972549691978613        1.0951093228214064     
  0.70848341249794711       0.58063098745001129       0.79268911348909110       0.64826794255444653       0.77424502532389972       0.90253344578284234       0.73630810361564192       0.85280560213360268       0.86984363392790431       0.78693563752123985     
  0.88009074506771257        1.2660198610045597        1.0034377519056272        1.2130761386653306       0.97592984709274810       0.92880156466575192        1.0616028917268592       0.98774080227584038       0.98955055832484196        1.0052064132308371     
  0.73462166724501154       0.60769100267421872       0.81068597080685711       0.66666206303056008       0.79164539282463187       0.90782739691266467       0.74308506388650919       0.86148245010015834       0.88183797073458448       0.80363474460072337     
   1.2746596454481658        1.3983072264902405        1.0666725359062414       0.96679980118558062        1.2407753869608147       0.95309407395190326        1.1211291653315605       0.96836450578940381        1.1450050940124998       0.95386510005693403     
  0.76166507959363072       0.63373408272623843       0.82842375710539751       0.68585125268643565       0.80802440870519288       0.91273409609079359       0.75058512073456374       0.87019941914149912       0.89305966409168358       0.81896688966705122     
   1.0269147915992614       0.97292235607225541        1.1867463358518486        1.0838501400786875        1.1357384763860945       0.83155391789061472        1.1703986825394417        1.2964469836789845       0.84020096804158284        1.3106326210638133     
  0.78721874349841603       0.65997344489898624       0.84521214483085416       0.70727196922976920       0.82413088864454542       0.91767617867705531       0.75845696094755244       0.87984416055892256       0.90327190505057009       0.83347118318566005     
   1.1844531621557814        1.2732536468244027       0.96395376971462221        1.4197866050722452        1.1539886558599390        1.1207240703303070        1.0099465956638922       0.92896850426691246       0.85894745273981143       0.86902520931222471     
  0.81613577588982100       0.68565789127892451       0.86175693955660237       0.72970159175457550       0.84156788312018393       0.92360931445740579       0.76660864535998119       0.89027428206802606       0.91290531035731481       0.84778398829110591     
   1.3589789856513934        1.1967238427192670        1.3368680400906652        1.0831110074498060        1.1316744209731711        1.2559861653845004        1.1284060946027377       0.97875612178266591       0.77521788772938816        1.1156280032301837     
  0.84247463636268960       0.71065152123363529       0.87769300150179974       0.75333501128206526       0.86100886416685440       0.92996456139398942       0.77434966764216129       0.90077705326364799       0.92230265487373742       0.86292736187762487     
  0.90392914270571112       0.99431843794385710       0.94223793518605936        1.0713099536438184        1.1363936589080810        1.0786221552824529        1.1196202402862903       0.92043451061916082        1.0177906269403254        1.2167044753543450     
  0.86664052836086525       0.73434767185413385       0.89327073538543356       0.78092380206700673       0.87913724659521009       0.93714163147126217       0.78347371435889301       0.91114684217311959       0.93183793602829090       0.87899807101043326     
   1.1961341128912286       0.98256787509384091        1.1041558913038183        1.2433894168900432       0.98953259958448481        1.1815398866714504        1.3255834059491103       0.93788094527743415        1.0402312889361958        1.2409209651442945     
  0.88960221919725579       0.75712750143241603       0.90847094680259388       0.80914100509736409       0.89736929771102025       0.94385617003057276       0.79262720321752334       0.92168034822689304       0.94161407481531234       0.89430647238946925     
   1.2386502103678398       0.90771460779458313        1.0529490248290938        1.0916808668164264        1.0886575730926773        1.4895174631237267        1.1467378173796701        1.0128698569933194       0.69013558675672315        1.1521270508404020     
  0.91440644323409248       0.78068524965981978       0.92360228859780646       0.83740848667719003       0.91517306292448242       0.95089551263625471       0.80668851074323056       0.93093537250771152       0.95112242122261670       0.90886850871123059     
   1.4160161783019238       0.94022113140863195        1.0850020330257051        1.3455240349194149        1.1128179126672262        1.1977581661782775        1.5939963262542769       0.76525722027739673       0.72731528694679115        1.1922517213854136     
  0.93875201259479113       0.81616838659842439       0.93889145085816317       0.86554247202982326       0.93254962784149953       0.95817972217507097       0.82191621730131292       0.94151614551965157       0.96069123628642261       0.92418204447380781     
   1.3444388264429639       0.97558710450284969        1.1097104848916304        1.1819916224500302       0.83498748185848726        1.2743506048970190        1.7582286762205555        1.1270733621857456       0.84096142207549351        1.0260044708262015     
  0.95769020798616511       0.85930112640664402       0.95471437438187612       0.89455522659475339       0.94884751444426740       0.96500476264262336       0.83910379561991699       0.95620273825874991       0.97138575010307482       0.94359792925061436     
   1.2865871368350150        1.7298922030124615       0.95097087275450753        1.2148846650994682        1.1116736082677596        1.1862354741912313        1.3865167451735518       0.95073158325079821       0.84702192898035245        1.2126397027459546     
  0.97381697766927222       0.90275017478092201       0.97072004723403471       0.92328628896009879       0.96653702473465331       0.97287885096907645       0.85693354561696655       0.97009981960477332       0.98072279524826833       0.96239017042911701     
  0.97143065539345641        1.6302301001537587        1.1822520221532939        1.2513794105397329        1.0622069113911645        1.4563998911501219        1.0732147163812829        1.2975947869232489       0.93000000659269300        1.4143401619918949     
  0.98713036985990199       0.95151378674799170       0.98537785363277131       0.96052713552241864       0.98333855452875374       0.98454274922234108       0.91611070196218802       0.98493527774675804       0.99050305037790376       0.98152174586901320     
   1.1366649989944642        1.5680849265556625       0.96365675620734836        1.3292840901768037        1.0399322312477988        1.6051136351803634        1.7918813887934029       0.89361339434882037       0.77070019830595715        1.1406223006199929     
   1.0000000000000000        1.0000000000000000        1.0000000000000000        1.0000000000000000        1.0000000000000000        1.0000000000000000        1.0000000000000000        1.0000000000000000        1.0000000000000000        1.0000000000000000     
  0.99328494530451095        1.3439111097104643        1.1250942777486119        1.0910074160582841       0.89922352816905005        1.2160509774813113       0.68390425277041944       0.81332228966906317       0.80868318770704239        1.3152789781881005     
   21.123900820703692        23.494875447612245        16.481095298579696        11.730612888072766        10.778593468610367        0.0000000000000000        12.645498532652782        13.569492952012700        12.332600584147400        17.977578289130744     
   8.2985442137906187        14.103639124410918        17.860308751342771        19.411034956787223        10.729951530095747        0.0000000000000000        12.479751818579970        18.026974392182368        16.947888237069893        14.922184785476546     
   9.8158000969149022        8.5395800375525059        11.504521650302722        14.873797854229499        10.525495644257958        11.110556293644363        10.401983771613130        13.474817761886193        15.072458372592873        14.403653411060425     
   13.075165672019882        11.556320542566187        16.399244091961599        14.469108147819020        16.567576064626284        12.840686499887433        11.580915442929152        15.498755975920792        14.247826137088566        13.746361015603185     
   11.572472082785769        10.090376407667964        15.129647683178302        12.514981773760134        25.149078129018466        12.903537149821799        15.353606152026064        16.347195060938535        17.714869454879338        8.0615367690026769     
   10.517802261560545        15.389374864407740        18.242150988804244        16.099404307830419        16.888074523798824        13.491963350311458        20.082509808664469        17.416163993828405        12.390205016495159        17.912221969600800     
   7.0993976359438600        14.375685155025199        12.430207885096014        19.303748552121903        14.134290047545042        17.431603756052240        14.758348880269123        15.062908312598577        14.496173703185033        13.019642024838745     
   17.434671448116450        10.565050294086680        16.869067940006524        12.965649903851499        16.433408634686813        20.172134340384595        11.544232909174369        13.119617553507970        19.918015999174134        16.061970019793076     
  0.12778537264672923     
           1           1           1           1           1           1           1           1           1           1
   3.2440526713658387E-003   2.9286314084362628E-003   2.0417658624409457E-005   12.391931904471031        1.0313827800476736E-004   1.5584166063141503E-007
   1.4593453984612844E-005   1.4851764487569785E-005   3.7370792801749953E-006   3.5887478466500720E-002   3.7364338065110069E-006   2.9479808248803709E-009
   7.7299513914383900E-003   15.538367901195619     
