   0.0000000000000000        0.0000000000000000        0.0000000000000000        0.0000000000000000        0.0000000000000000        0.0000000000000000        0.0000000000000000        0.0000000000000000        0.0000000000000000        0.0000000000000000     
  0.12664149802479199        2.3123817500502897E-003   1.6246998768003944E-002   1.7186609563800189E-002   1.5361514035648536E-002  0.40998926318101969       0.12847459527028879       0.10711439418212725        7.7953136240031362E-002   1.5306567248342741E-002
  0.72843110088583274        1.6378813255127884        1.1524955204905725        1.3340779605987734        1.0176536868141342        1.0799298215009352        1.0180297382039218        1.0560037306148453        1.1964815873197832        1.2480769856328593     
  0.19466281917677172        4.9270564709740609E-003   3.2832445594433574E-002   3.3080006323664257E-002   3.0863218003274826E-002  0.49482658480543013       0.17407268205105764       0.17324852377657066       0.14249001504310843        3.0152706186663575E-002
   1.3647120692201589        1.0528916120511600        1.0414858903134989        1.0373850988365447        1.1137634345791771        1.6230992542183365        1.3468693069216746        1.6426061479345997        1.2078696757000920        1.5879764312073796     
  0.23116575115593441        8.0464095939452272E-003   4.8932026097284760E-002   4.9918340824549892E-002   4.6048957904074428E-002  0.53091685231426400       0.19375790805176990       0.20942872747252325       0.18457694692915752        4.7261722367962361E-002
   1.2435537838304140       0.92260067283576752        1.2033502956387088        1.1782180994845501        1.2146849840383862        1.1116199539745448        1.3907261481252253        1.8865750444344334        1.8173505175126885        1.3780048938343066     
  0.26682819250017464        1.2284516850555881E-002   6.3948620007058893E-002   6.5965217015549929E-002   6.2127005639164429E-002  0.55756394891963390       0.20732141513039673       0.24352555877396675       0.22290645022020120        6.3868112232146584E-002
   1.1523798395119604       0.99208418258469711       0.96652454846059355        1.2056834607757694        1.0874110688442979        1.1854424217742185        1.2832240238996893        1.3426446674120587        1.2575203723640644        1.1320237444264467     
  0.30111127483314248        1.7583129435841702E-002   7.9353207005657345E-002   8.2746552288930783E-002   7.8770759142992128E-002  0.57981061064061012       0.21999527695652163       0.27033606463542387       0.25545262917693323        8.0163031291190123E-002
  0.90995850846002679        1.1247273359590026        1.0312670731086011        1.2587271334398473        1.3125765899020012        1.1157741550128402        1.1374195660710908        1.5146038823815469       0.98650098489443527        1.1340904191535910     
  0.33491365173361537        2.3725638922189967E-002   9.4822021414003588E-002   9.9607157105015970E-002   9.5695527330441524E-002  0.59998767247458262       0.23124941560507328       0.29742454771752269       0.28580079763507216        9.6277633933543286E-002
  0.75089459512095236        1.0671540124394214        1.0641490159380664        1.3510097028496095        1.1113396465674223        1.1742949668616098        1.1720356192237062        1.1800338847660867        1.1330665207441255       0.96400063230157074     
  0.36355836949622339        3.0468773539674594E-002  0.11214797497377649       0.11461379744425948       0.11188742806485999       0.61831012085115811       0.24086610608075570       0.31833467020916845       0.31071917636554719       0.11194904984061849     
   1.0995508949722037       0.98998829766489060        1.4680834285869280        1.4086799798432437        1.1185321913797701        1.0891338686614915       0.96755616964417090        1.4295377230132360       0.99066741580980844        1.1461703279307751     
  0.38842255048006480        3.7578117245360962E-002  0.13039902134447318       0.12847278936938075       0.12807904536638240       0.63510856919424974       0.24939992602093014       0.33877985397183613       0.33351932811095325       0.12806984733238425     
   1.2190611395487985        1.2011773837064434        1.0313947921165449        1.0000155041673577        1.2399492237946019        1.4631167634289086        1.0651195744627846        1.2068068936865002        1.3262948527056087        1.1780930842623589     
  0.41067518147008741        4.5456118805689005E-002  0.14789690365825764       0.14162863369426809       0.14449699172681268       0.64937559870368466       0.25721529746706739       0.35575749130257645       0.35562704556136665       0.14475157682910736     
  0.85787060674404636        1.0064938436001285        1.0821808740856722        1.2117327078479629        1.1727473591492592       0.78500668397454376       0.92650557197356109        1.1994391542706255        1.1152218347488858        1.2298222526479914     
  0.43148986922248989        5.4013480430568181E-002  0.16646789664799941       0.15519165377142730       0.15991965178584425       0.66177360803292207       0.26499570261358035       0.37346276927465971       0.37651310553784129       0.16110895606313794     
  0.79056318777773715        1.0820917554477978       0.97366782871755586       0.87901316587191869        1.1652047599089688        1.3225040144803897        1.1917800424923963       0.88054138892183031        1.0337929842873848        1.0274044382283340     
  0.45100755799658820        6.3052770825536814E-002  0.18294326051518306       0.16975473068732266       0.17490305512600038       0.67289830845307164       0.27291952788712748       0.39103761566724354       0.39689894424157207       0.17713449022353384     
  0.78143722849795716        1.0821077376249886        1.3050243304132145        1.0863822608121787        1.1650078946609037        1.0489858468351920       0.95416834138302031        1.3655874160201633        1.1226967804864412        1.0342354044100459     
  0.47075731555784006        7.3717184876521138E-002  0.19976792314882455       0.18454431742162453       0.18979414929189264       0.68367556130414253       0.28128787626392870       0.40816153187465126       0.41637484970506727       0.19334644105793805     
   1.2826607105632450       0.99239322044090483        1.0244432666830676        1.0728677572061820        1.0889192883910914        1.0925264444449849        1.2978693843935996        1.0876623012367739        1.5361421847150971        1.1115763396206169     
  0.49079989777244848        8.4603688440889571E-002  0.21568302439696088       0.19863223744703340       0.20598854830697255       0.69385825716933858       0.28991060733748081       0.42675786171816321       0.43407660653847918       0.20931948232308448     
   1.0265771521749596       0.86593251454746967        1.0499140977613362       0.87107617203789367        1.2412712179042757        1.0785953930936654        1.1531607835313176        1.2320506414037302        1.0535960883419488        1.0493617476070261     
  0.50959635727377262        9.6748757458938628E-002  0.23228288199455377       0.21337571444252065       0.22187256329634608       0.70381178417086854       0.29799858683721109       0.44206518085167557       0.44981065657546176       0.22389729679082138     
  0.96548841990375012        1.0009795602961415        1.2873284495571191        1.1140745479551937        1.2501485248294488        1.2561929009704271        1.1078087877322760        1.1729147411310961        1.1148291621768123        1.4423370220632674     
  0.52812001375689510       0.10952199737343440       0.25215306711893298       0.22907191201600038       0.23630152829507695       0.71328979833510386       0.30509986447557708       0.45667981619529424       0.46487580770136611       0.23752554352766614     
   1.0682501216664158        1.1243963025885373        1.4132083160114099       0.90140124375370279        1.0626250168459230        1.0229839302234323        1.3533710230726002       0.94148651592911481       0.85166044943337937       0.92996497677651857     
  0.54407139998275889       0.12271361683999958       0.27201745635494678       0.24399728898199222       0.25107750173984505       0.72242224648767051       0.31185848306532887       0.47057312830852777       0.47957314835519826       0.25136229338294624     
   1.0307246389739952       0.88948088915393497        1.2572801117586951        1.1024810441554700        1.2645226824679705        1.0576881520863937        1.0525222669845327       0.97347718568867070        1.0192833830577215        1.0860343351684651     
  0.55881014620576808       0.13667125722800219       0.29305442780586438       0.25876425242484558       0.26672774187139325       0.73116762624195908       0.31799933488069937       0.48355645200499642       0.49517240721559480       0.26672599715444550     
  0.89468972388691592        1.1309132792510643        1.2123242913496024        1.3542155714178601        1.1037559462555417        1.0457599178611223        1.0659768956452831        1.0995622431832677        1.0490116185676810        1.0135381231775669     
  0.57295271106200596       0.15192571265104374       0.31412710381048381       0.27388474409912200       0.28299395504890451       0.73926008108531638       0.32443555746783631       0.49627716686744727       0.50974412992382867       0.28264982761522778     
   1.0838847198157884       0.89645929859116158       0.94918824036181904        1.1961732082115397        1.2268342902703102        1.1843807191575464        1.3543664050985746       0.89363372758870441        1.0713047429922677        1.2210935383963677     
  0.58792759474429468       0.16788400345184668       0.33451632091105948       0.28982753169215308       0.30038489500753240       0.74699533867876933       0.33131488082781868       0.51041087106896021       0.52357402898383787       0.29910012326456487     
  0.95489865187548328        1.0488049789206353        1.1042788193840041        1.3828387771615520       0.95406056508858628        1.1575027685513415        1.2459786195030467       0.93666773268489367        1.0489168924537120        1.0495014164751462     
  0.60387526859910767       0.18538098874861297       0.35536169142682816       0.30674617427351625       0.31696027454334336       0.75438579079198398       0.33791548278350791       0.52488617508221114       0.53662998569170395       0.31465335573983239     
  0.89179001445961681        1.2611003633397395        1.3614930765957094        1.0127187569125247        1.0453752983069560        1.0229673623026287        1.3159333747299473        1.2542190555836816        1.0324043940492817        1.0160441060197432     
  0.61939429673004198       0.20393070859403536       0.37464079728950084       0.32367107342646423       0.33359170241756314       0.76163209899445095       0.34456659507531057       0.53882170864636458       0.55078663189299448       0.33085410188918501     
   1.0704554563474524       0.94789644073459323        1.1166159778347697       0.89938179997733891        1.2398233060933641        1.3456743271042393        1.0730498164627169        1.1730997156991363        1.0138545919244539        1.1865384146053422     
  0.63487112751080443       0.22452538558494889       0.39399539981382475       0.33970078071468846       0.34884521568934795       0.76868176412243172       0.35079857425448258       0.55183745625608460       0.56524348124579749       0.34659118145101120     
  0.96897559335942529        1.0540634843849306        1.6818832887159878        1.0974892298681702       0.95394598733520386        1.2267236221129498        1.0947399280776804        1.1269647056752630       0.84793445186064897        1.0335823639471562     
  0.65010269890827133       0.24596105758922954       0.41305733262571581       0.35520369713916405       0.36310839226888453       0.77519646186743629       0.35639630609032819       0.56439478266519882       0.57945656712525062       0.36232179599846381     
   1.0092511236605635        1.1493122549048838        1.3587424364678629        1.0938311973645585        1.1203653843516723        1.2812874785260591        1.0049973051845673        1.3938505168925832        1.0499282952774081       0.89969105567183694     
  0.66479464263237231       0.26835447852107835       0.43312000144928869       0.37031583119201927       0.37822911861370551       0.78133806898713809       0.36225264601821727       0.57677794275924910       0.59264310389702235       0.37783889726247599     
   1.1952221721389085        1.1424593749466012        1.0638243963226794        1.1092344072842708       0.89460834025116165        1.0326115929349455        1.0316530431479636        1.1679148102663617        1.2113398624602387        1.2483220643488671     
  0.67864445122429862       0.29223694465408478       0.45332620342298707       0.38525721066086477       0.39208370817340588       0.78744446508178356       0.36811728630651008       0.58924713304681131       0.60560662275586330       0.39409544133029656     
   1.0608853878148914        1.3932178145320906        1.3975111412500805        1.0258084235738112       0.98591894969893390        1.2136836854032986       0.97441909649912650        1.1448860680020427        1.2129280588854379        1.1752624655980402     
  0.69163048174239261       0.31693828750754094       0.47363147956025253       0.40108141503960143       0.40602384631204852       0.79363271338291552       0.37480600994245844       0.60129482710181426       0.61813333026126538       0.41085580440121200     
   1.1317884856995688        1.2656264071152639        1.3392813739158451        1.1277979397291629        1.1322082060868808        1.1848727400619470        1.6718978242054210        1.0749075242800457        1.1225322469310979        1.1442529817763261     
  0.70426767171505489       0.34070369544198859       0.49190144421904541       0.41749726457157366       0.41980243776541332       0.79979864257599331       0.38123066812388273       0.61315011629839611       0.63094955554964960       0.42695228623922526     
   1.1593143433684907        1.0161484788398605        1.1736254686585406        1.1216792881843543        1.1458098307540212        1.1412820099615331        1.4452266950731523        1.2275333607839558        1.1552923862311166        1.1088768887432543     
  0.71678856497337129       0.36402169330287315       0.50932677792144987       0.43401456561647922       0.43382316711128027       0.80572678483516169       0.38712237561531226       0.62475927143998289       0.64315375746333869       0.44252644045322648     
  0.92326846610326052        1.2853460865793416        1.0539809030749117        1.3111428273525716        1.1242384911187293       0.94183597216350134       0.87785238043926339       0.87572109414182919        1.1006205310696722       0.85428420514480841     
  0.72931040698715188       0.38615903633986143       0.52748485733721162       0.45019750725151919       0.44883151028873447       0.81165270418009938       0.39279369247606233       0.63638247928240221       0.65518942047220141       0.45813598498185099     
   1.3181751395262047        1.1544831214508577        1.1106823223637607        1.2609800044621808        1.2158350330052912       0.90830548362470920        1.1240346984432716        1.1644855976845470        1.2572345799581499        1.3216091922072979     
  0.74199556620827645       0.40904291985637364       0.54609054382657574       0.46546182152513454       0.46510481609930376       0.81751626997624760       0.39879053384239327       0.64734464077928500       0.66700241372481428       0.47378918328166070     
   1.0831935433237783        1.0936876415446160        1.2349318486715961        1.0391366740526398        1.1187162995557220        1.2758485975641625        1.1309174630202932        1.2049625419061387        1.0639189050963407        1.0752024403308817     
  0.75431457310714656       0.43327347080181522       0.56491373022064784       0.48037605031951497       0.48068692899610777       0.82321101906670802       0.40514877522644271       0.65770232015420316       0.67882478695739479       0.48884282925658423     
   1.0964935435395757        1.1056463092183815        1.2550059383196575       0.84061512164109065        1.0060304774273083        1.3931669948032523       0.97215532752099054        1.2368707846947757        1.0989410821117056        1.1285229203519889     
  0.76580908821645022       0.45758113150092417       0.58411072739377901       0.49588741966047278       0.49532216495173009       0.82881981525800952       0.41208875186439758       0.66733052751316979       0.69037337198097726       0.50361964328306208     
  0.90062054340864262        1.2295802423770086        1.1515321681554709        1.0342500228914604       0.93672224249339109        1.0587437934207888        1.2237922609683591        1.1010532138182945        1.1902449482181927       0.93120416816268736     
  0.77670583368646218       0.48139733303522769       0.60261964545600666       0.51193395671805919       0.50974049749719441       0.83425923918979761       0.41908985928758730       0.67692533373842212       0.70132199733546907       0.51899983209483591     
   1.1062921281036986        1.2004894651394380        1.2445539396118133        1.3422041246018559       0.99136323415736893       0.89690938612461568        1.0986011411264662        1.1951174668234654        1.0377187492373092        1.1505459506639513     
  0.78803681285989424       0.50760690587370794       0.62039109198225695       0.52770306145882206       0.52486180038506258       0.83957794346532622       0.42613298878740830       0.68662610017271020       0.71233093277194470       0.53543140439788439     
  0.94111751294512991        1.4382914731567356        1.2571891857349644        1.1012503195136742        1.1155739674779639        1.0354919067221053        1.2018553259774221        1.0237210523639066        1.4106560932758732        1.0829690598644099     
  0.79976660848382053       0.53194674320029411       0.63754887402885863       0.54316523396658589       0.54079889089061750       0.84469927163922054       0.43330710284661633       0.69647304989937209       0.72386481905866140       0.55242932642931142     
   1.1375679043758644        1.3054119210084552        1.1923462903699888        1.1715603817328204        1.0727871102074469        1.0343818809048486        1.0767364402937074        1.2507736618261813        1.2098718622002009        1.0508052645751580     
  0.81097865090498167       0.55523887688904727       0.65424478557417554       0.55879058847649465       0.55611453197459182       0.84971930656065631       0.44049166651379490       0.70571153661558550       0.73560013170401184       0.56926302856316735     
   1.2668326364739642        1.2767596140205655        1.0143322187885520        1.0697707520913402        1.0934066876014994        1.0709885792728422        1.2217255496148334       0.97601720494599664        1.3829386005341096        1.2616789489261635     
  0.82194859884518157       0.57669858523310258       0.66933837704777799       0.57480229388092219       0.57123234241596277       0.85457191996348736       0.44713394021670622       0.71479302921994126       0.74700928964711677       0.58566022258610173     
   1.2357792061446817        1.4272942993193436        1.0170123399598645        1.1086551277742323        1.1388333634362786        1.1274777980714401        1.3244427530140244       0.92350455375384655        1.1390627080235696        1.0331117721671004     
  0.83284424517038513       0.59980231769125458       0.68380717295079363       0.59101646234320260       0.58724050869080568       0.85973901689477261       0.45335170094967092       0.72334349857911096       0.75800480523550051       0.60210503357301282     
   1.2809403823921528        1.1240340570542844       0.86852522496441686        1.1558993896483205        1.0185368216029687        1.1747550528833601        1.1401425596328598       0.94835222722568979        1.2530455060755705        1.1668716872680716     
  0.84388357117065727       0.62449974812749798       0.69802265698094079       0.60702489611994481       0.60332912390014670       0.86497570765081433       0.45959572556439821       0.73165846985529281       0.76869062987964021       0.61772417822801562     
   1.1570671415630376        1.2370060660948572       0.99891399206740517        1.2243115473301498        1.4000845587852622        1.2602019932474688        1.1946733284894189        1.3139927589372025        1.1528371692366770        1.1452919989880790     
  0.85436245324483395       0.64922165294993239       0.71252682888155972       0.62273223706492464       0.61874521728896603       0.86996722771640878       0.46617651633294122       0.74019049299536199       0.77880604742453097       0.63323767383136764     
   1.1212539263480912        1.1701402885809882        1.3188243867048690       0.96740136269938759        1.0048997186303279        1.0589445584976347        1.1451813480145254       0.90251658969792370        1.0563644375513737        1.4607619378619909     
  0.86411668906844197       0.67345475056643556       0.72682813961027271       0.63847081721463339       0.63385446304384119       0.87519860292587237       0.47323058833208725       0.74978545866024415       0.78894474090669142       0.64874265615302429     
  0.96459378201875923        1.2451634326202674        1.0908110750690192        1.1263162175281829        1.0406038806066191        1.1999618763792248       0.92742203205799290        1.2705408247156129        1.3171096398524047       0.98331838000306537     
  0.87348070140575895       0.69560959928003940       0.74107532849435109       0.65480994810627891       0.64909787479840164       0.88044020006231116       0.48066579191306791       0.75999103041904537       0.79813354203975961       0.66464312048620700     
   1.2381899744074480        1.1373474496514486        1.0074973646751071        1.3809236086539254        1.1584675187413340        1.0912514737986727       0.78776943531834254       0.94531193950794945        1.1167532970765461        1.0890272148153404     
  0.88271077546095289       0.71728419982212410       0.75473536564667032       0.67168704633325860       0.66434144840778198       0.88558472494142859       0.48846618212977350       0.77014537891099977       0.80764134668251297       0.68071850932313882     
   1.4317306911949117        1.1653733268773057        1.0237911422049573        1.0995700109008404        1.3253940439537559        1.1589455677031311        1.1597678622695970        1.2073810305735526        1.2562113549730516        1.0513872002191895     
  0.89177466510058578       0.73887632036779827       0.76823105247600376       0.68853313682845985       0.68070149913740086       0.89072627238123814       0.49612609530699053       0.77917798542147976       0.81739107381597331       0.69673591098610288     
   1.3782134136685771       0.91857832861024225        1.0638080294970091        1.0963674007757218       0.98533164865064859        1.2236467928668404        1.0126418478065462        1.2192628578391571        1.0371535508624938        1.0338993580032250     
  0.90037085332335098       0.76116083823075431       0.78278386370220165       0.70520513417228292       0.69704628164862548       0.89569975986492900       0.50448827768732296       0.78725318635348029       0.82732065507654817       0.71229047173542603     
   1.0249299829640171        1.1476901170959724       0.96729232117979302        1.3877318294220224        1.0583133989384341        1.1764383098082118       0.95948954499278682        1.0440383686087620        1.3384107205251081        1.0463138408602810     
  0.90819075814163963       0.78280074751063189       0.79560290477668738       0.72163112437370214       0.71352322293373160       0.90058791125868143       0.51360502113011874       0.79599860578368031       0.83765471298678107       0.72814291988125213     
   1.4102571262067887        1.5121808737605420       0.83567614406292889       0.91019637501164496        1.1104713662355303        1.6998858831295967       0.88708136414919492        1.3962062956526138        1.1165473286715641        1.3001849360727993     
  0.91588351058441497       0.80250646561514549       0.80760665219236982       0.73872970092379053       0.73058867869354027       0.90548476166560510       0.52294723261761900       0.80495629853919204       0.84757041866543303       0.74046616571918400     
   1.0930193550627227       0.99168303898250820       0.96921760562707704        1.1867107075377128        1.1857472378454235        1.0607422801568047        1.6609438369337401        1.1283601919316109        1.2486324695122775        1.3286030718896780     
  0.92348377046924712       0.82093210166057740       0.81927112290047843       0.75469571830765603       0.74718307646493054       0.91025133858081564       0.53177149400125201       0.81372894017624198       0.85728632883956357       0.75370127128748310     
   1.4738033535304129        1.1207772449943825       0.92034363492998383        1.0139388018837534        1.4480895441717994        1.0795405593043577        1.0753443948504682        1.1236143547241635        1.2221749448775505       0.95432877608586819     
  0.93068511537454135       0.83766060429230949       0.83045300522245158       0.76913228409772094       0.76391364529629724       0.91484871501410903       0.54072777209174572       0.82283575403519171       0.86692958045467960       0.76888858791923442     
   1.2339396435514449        1.0725975349603176        1.0483737827963162        1.0437910951350924       0.96686752319299529        1.0042096414367003       0.90251064044936036        1.0331308058935444        1.2892117269736107        1.3795314256228728     
  0.93771106233378532       0.85324231973309927       0.84263870624416004       0.78380399505400689       0.77948861284984028       0.91907167216489372       0.54983938970504276       0.83265158534887451       0.87666454337421074       0.78398399907315541     
  0.93325545543973099        1.1963172695359903        1.1004600746361548        1.3248321001637497        1.1884977139128032       0.92219737476993924        1.5086501525519831        1.1520743980643331       0.97961883734928945       0.93322391686264350     
  0.94421269773537408       0.86805196840537469       0.85525049470739845       0.79942847452861743       0.79500070504392450       0.92309210016553311       0.56005882108402660       0.84271469562645385       0.88617084449938677       0.80044861465119110     
   1.2874385285600645        1.0021143058174595        1.0698465089959830       0.98845371570231177        1.1281164599853892       0.98300528141779830       0.96053518384823622        1.2307510195054134        1.0861803965918941        1.1907080862664923     
  0.95016793834862789       0.88252986108167131       0.86777567091799512       0.81556024164469221       0.81104514770202096       0.92731042913087525       0.57013643080726595       0.85219374803505621       0.89516843454860484       0.81667410758822356     
   1.1128394612302650        1.0490123960783231        1.2227176375600259        1.3666146627795959        1.5208649204735141       0.85158048632620753        1.1608151320861688        1.0888856465695189       0.94820645035175288        1.1274855460155164     
  0.95582227823148280       0.89670340427583317       0.87950024253106074       0.83156986845644421       0.82612469636263153       0.93203992965910498       0.58058204369617450       0.86149381456267426       0.90394840287624811       0.83296300065553885     
  0.95192297159960981        1.5159620469047954        1.1951974101513916        1.0964545499089786        1.0296681241975085       0.97859297260358546       0.90766375834112445        1.0460054748193492        1.1171644717999578       0.86862673979070648     
  0.96144736653619522       0.91054279086579548       0.89023452805060233       0.84709549374695170       0.84198227068262277       0.93710863139374845       0.59097509068204712       0.87067636822201033       0.91256614383315682       0.84927876297595062     
   1.2007010024127296        1.0910075130389270       0.89759204466011511        1.2393828057415621        1.1294205814651654        1.1090585173144967        1.0730400095120594       0.90516183442494180        1.0054569416437489        1.2587402233282809     
  0.96708095676562067       0.92251277123125841       0.90055009413430986       0.86254581680768183       0.85734833697920798       0.94232433649050684       0.60082279080015166       0.88018742754157542       0.92089852441265252       0.86530659761720485     
   1.0833792589287543       0.99850440711254052        1.1142582634866356       0.95106667703958947        1.0950729093316871        1.6091929233366402        1.0425053660660430        1.2281145714685280        1.0541973975901775       0.97724447553199556     
  0.97226884021372262       0.93273555671647512       0.91044243457711527       0.87793325008770984       0.87305054531245496       0.94751444359917514       0.61179166959541675       0.89036442122452053       0.92944594252735679       0.88193273794303018     
   2.0669168254112673       0.88579872700197604        1.2086705349829661       0.96553500342623111       0.90194089397164190       0.97100322940601846       0.95161445468063655        1.0666420554381857        1.2222747997176941        1.1292513428105118     
  0.97717895954545042       0.94267902681513405       0.92016379342826005       0.89232792318553633       0.88978322987250247       0.95296831087002487       0.62469459179856046       0.90135151541356429       0.93829347963677023       0.89659965291817179     
   1.6113994169730226        1.1173590887965703        1.1022525918659967        1.1145693001992636        1.1344634494024486        1.2651000947024691        1.1625786420327660        1.3236745237629621        1.0583297106909391        1.3700379015608719     
  0.98173579117850829       0.95246274613306181       0.93052267673983124       0.90599589497928235       0.90699395926735205       0.95781783913221819       0.63885818892367285       0.91308451348583897       0.94723059837070911       0.91003482235012489     
   1.3786718088397485        1.0800310029910745       0.86800879583846091       0.92459426799097300        1.1939642526755263       0.96491045769673567        1.0973200661899054        1.0671999264687821        1.0910398701080237        1.0829380401169970     
  0.98563237281950467       0.96234560973113203       0.94154738007295213       0.91950201940022824       0.92425467737790479       0.96251190197338643       0.65569008623813752       0.92483653449314518       0.95637596418343174       0.92334017419236891     
   1.4094618457250652        1.0387721346256198        1.0194142204215133       0.97926374856888365        1.1076932704074818        1.0180214064568023       0.95517553490916052        1.0389053578084309       0.91689846316112256       0.91511620376830327     
  0.98897386412260180       0.97178804837682442       0.95276355977476557       0.93404898272724635       0.93881510329914963       0.96718418719648469       0.67352852276580155       0.93699227916986128       0.96501892130378275       0.93774485066896607     
   1.2116275257091174       0.84919620263393358        1.0040659475428440       0.88600100892132827        1.3238134998148416       0.95476387482044811        1.1216590538111983       0.84844056585986927        1.1250697916989678        1.1337115277448737     
  0.99200625728293634       0.97968965002583031       0.96400580574126904       0.94931608673339951       0.95341722073912050       0.97183031137500631       0.69382642920219206       0.95030179067900744       0.97371542269946476       0.95148773847576962     
   1.0756163541998829        1.0195815425069090        1.0555037455620859        1.2825597297964937        1.0768633368486775        1.1042782197737568        1.0100865266871140        1.1206858368674990        1.1588417193153429        1.0615165556157860     
  0.99502638245330999       0.98720440215477379       0.97518992471131494       0.96587392621117618       0.96828453690552074       0.97733709342301933       0.72912258197300261       0.96496242837641344       0.98241191649592108       0.96840521279193259     
   1.4063760233659566        1.2950981498955423        1.2123578972047346        1.3224154000962847        1.1021983692021049        1.0258851190905218        1.6486825457142533        1.0066662186831585       0.97532069016948275        1.2075627519316945     
  0.99765051040093677       0.99334649860370350       0.98764567292085270       0.98334120767193223       0.98288660609725309       0.98692646429093678       0.83598494968052439       0.98155611529920883       0.99092680917606790       0.98368010284808771     
   1.2939155887095888        1.2245288428484300        1.2297926759269466        1.3479733570076384       0.91174474174583975        1.4590714476166085        1.6478336578546062       0.79403249377937246       0.87506983760176538        1.1761934969245047     
   1.0000000000000000        1.0000000000000000        1.0000000000000000        1.0000000000000000        1.0000000000000000        1.0000000000000000        1.0000000000000000        1.0000000000000000        1.0000000000000000        1.0000000000000000     
   1.4186435802645978        1.2928684098439940        1.2620196367590131        1.2024368402471906        1.2889730969398094       0.96030616321682494       0.70222128421081609       0.68943543604546143       0.83349233439031212        1.2015542909654426     
   3.3784936376365859        25.696021406444981        14.540016865793323        11.176717530189634        10.818138388641868        0.0000000000000000        11.118888476421162        12.641713291092168        12.146770136731588        8.8077614191993039     
   6.5438346940291092        7.1450899872012590        7.9000061081055426        17.616743984173162        12.032380810730874        0.0000000000000000        10.732301539975625        13.939899318458243        11.503898791390439        13.620477698114078     
   8.7645754521573593        5.7118932274884511        4.2727576179197104        13.951828290672390        17.915931999797845        12.280067643704285        15.088480185470607        17.444411497322658        14.942998126132965        12.442265165456591     
   14.536855427966778        4.4770735316481698        7.4871269912794860        6.9884013929005739        10.266815903391235        13.039554574899698        13.068367971379233        10.635694956888488        18.768463306441298        16.593428280641174     
   15.501804213761766        6.4435112204549583        10.838246377190877        9.5865850807562527        12.679382521681605        14.609222556627946        9.5288301106816338        11.810046475641409        10.101065615065883        11.242336261883976     
   12.774652164038717        4.4282140324867507        12.445003966407425        10.621207856641618        6.6793649120509455        12.655668415439496        10.754859301939231        11.316487139374445        10.543469972566738        13.365661753659991     
   11.582554202834961        3.0783152281934862        18.026793614045538        12.608866032351282        14.938008241057998        15.590168957811077        10.352941690917440        12.028580905675733        9.6690533461924950        15.922790537889574     
   13.264604038641789        15.839729224012286        15.620989278728167        11.884641389121173        8.4074153796085831        11.950607838845217        12.304976017520241        11.888684201243757        10.172486616820160        9.9619800927833193     
   6.1180388246705304E-002
           1           1           1           1           1           1           1           1           1           1
   3.4286772623036755E-003   3.2843068979028808E-003   8.4757054750682705E-006   10.370173918633297        7.8278468274318056E-005   7.9271229035544010E-008
   1.4443448348720131E-005   1.4853798298586610E-005   2.3252057851882797E-006   4.2612814866772340E-002   2.3246552863230230E-006   1.3279044877833339E-009
   5.0000000000000001E-003   11.810551061266143     
