   0.0000000000000000        0.0000000000000000        0.0000000000000000        0.0000000000000000        0.0000000000000000        0.0000000000000000        0.0000000000000000        0.0000000000000000        0.0000000000000000        0.0000000000000000     
  0.16925260192090691        4.0755590579105586E-003   3.0971587340628487E-003   1.6851893612664665E-002   1.3428327151902677E-002  0.27202287247089763       0.13641731303334323        8.9405875918017519E-002   6.0916612506297069E-002   1.7226040145919334E-002
  0.75092963603898344        1.0297880933393655        1.4931925924111968        1.2532089424097661       0.97513408743345686       0.53610133114834713       0.70951361082097297       0.97400109972983728        1.2254783942655378        1.0632445395113284     
  0.26357520215167496        7.5694642077642448E-003   6.2600281015900185E-003   3.4105679573083830E-002   2.7451535692286737E-002  0.49703258955641610       0.21184307126376606       0.15477957456710095       0.12656070576369244        3.5030649815588948E-002
  0.77119542738262026        1.0887175528605968        1.1084287651569262        1.1903220637666698       0.93738573991840002        1.7235103745379978        1.5132582919770912        1.4952141553984919        1.3621563860919910        1.1158558449142320     
  0.32016059271052710        1.0808035212274740E-002   9.8917141684444990E-003   5.1037815785245702E-002   4.0440049794351375E-002  0.52401285258149555       0.23474846631694404       0.20002103479017294       0.17555885173339986        5.1196345991175264E-002
   1.3088610097698794        1.2086468717683765        1.0748010420321057        1.0330316795448835        1.0130634256214681        1.1359938604864788        1.4481742232689239        1.7631765351348869        1.3511168578011747        1.0580427371201222     
  0.36808367071729287        1.3954212859718844E-002   1.4066087496836192E-002   6.8543341960325785E-002   5.4102199439887928E-002  0.54967056296933958       0.25496034095289571       0.23686807642693861       0.22730608008162936        6.6551760229623710E-002
   1.3635969331942386        1.0144134013881774        1.0397705522008185        1.1742214364183017       0.96604779636778926        1.2447804362821102        1.4266851016521351        1.3777881376252552        1.3720805657707720        1.3362764115516783     
  0.40978891649897781        1.7323312595316009E-002   1.8444282733293030E-002   8.6721815661001317E-002   6.6942730150195917E-002  0.57016670621672005       0.27167628398944532       0.26533204684697104       0.26348889937858933        7.8854298808507639E-002
   1.2564420939279968       0.99444520127696612        1.0933833992405368        1.0577500438094511        1.0539295054917848        1.0183052594542543        1.4371214050271477        1.1554699095611241        1.1536221611741213       0.91817993078569282     
  0.44443711918665219        2.1418449984585974E-002   2.3079230569284327E-002  0.10463341034004095        8.0037114163594908E-002  0.58907682124048422       0.28871493986356095       0.29283141411781655       0.29712310297735639        9.1764485300821236E-002
   1.1062633763694316        1.2270618496894727       0.86900317056276277        1.3930935569059932        1.3199818715992975        1.0287209622447142        1.7466148870388702        1.0612720849288007       0.99068642356331504        1.0273322786011410     
  0.47414299033085305        2.5789488023511133E-002   2.7856881539714336E-002  0.12166587597408239        9.3546079813500396E-002  0.60480509672675464       0.29699781598275166       0.31143014138069147       0.32186260340606654       0.10586646168113335     
  0.85900107226878353        1.1867332379995719       0.82363919398254792        1.0436005721962764        1.0233188247009670        1.0409924719299191        1.0317458877946750        1.0772258765895628       0.73709818591685927        1.2319148289607500     
  0.50126319620972759        3.0399570035532553E-002   3.2910250802817169E-002  0.13776651046225377       0.10718331011732990       0.61884339928570709       0.30640612825641994       0.33129044623013604       0.34879791578370328       0.12132410603128022     
   1.2314630508191435        1.1596775282516565        1.1807059255485908        1.2499497016986076       0.87368171340957623        1.1690619432899805        1.3100548485860031        1.2783398206579863        1.1462256231213632        1.1014253147835011     
  0.52852878852178264        3.4804417073981402E-002   3.8422332423297074E-002  0.15386273046198967       0.12126169660019921       0.63202511745888068       0.31264596442291698       0.35269200577731963       0.37450659119397561       0.13872162030821322     
   1.0428001674165914       0.95068648548710299        1.1995841976042576        1.0010049587656289        1.0162609838622756        1.1468769207174851       0.94473159527534578        1.3341891212059955        1.0081058355438279        1.2451914458040747     
  0.55146823941217094        3.9362928011083820E-002   4.3975398743997515E-002  0.16986486313653773       0.13628666369136647       0.64423241192870861       0.31975347229099738       0.37430357930655445       0.39980305753056489       0.15359269117356580     
   1.0406233872479931       0.93501447471480736        1.1656382009758088        1.0384753968665867       0.96569372515141072        1.2908728599026191       0.93585867551788637        1.0881995410817640        1.0294928902137501        1.1361967533561745     
  0.57406905816444831        4.3892056212367282E-002   5.0784525839562562E-002  0.18628449962972404       0.15276105047978225       0.65461853835995976       0.32721307345101924       0.39568323688148183       0.42365060419432704       0.16566966282462145     
   1.4166397948768461       0.95771224367179741        1.4892459919493490        1.0298467152907336        1.0790373887881857       0.96774058235317528        1.2045277154187581        1.3330455263292382       0.90123570304602896        1.0956118029400050     
  0.59331929372258174        4.8731682628760896E-002   5.7213237017435199E-002  0.20174525501988622       0.17031011213334363       0.66500933198816381       0.33455018715697382       0.41623958743245582       0.44684860468586196       0.17917159170687944     
   1.0723387080077100        1.0144406049153405       0.80670461432937668        1.2320132985291750        1.0140874448015427       0.97687337900986748        1.0401412067499181        1.2788975797615112       0.89439614378162613       0.89010723263995151     
  0.61381661447260316        5.3473088022493426E-002   6.3704618081404263E-002  0.21712466192561511       0.18744028648957498       0.67408172946541678       0.34155344546992628       0.43679286326248173       0.46933971171591937       0.19343591479998498     
   1.0026130976084833        1.2219126148473944       0.78664917525757660        1.3448342510116389       0.95184136641032335        1.0908815157194922       0.91437418962414407        1.5462509153316915       0.81558645108227035        1.0723028799093481     
  0.63002359391348262        5.8787733607756069E-002   7.0619050230031039E-002  0.23315216990432733       0.20419120421244721       0.68332631089006068       0.34806814467535702       0.45764584374777434       0.48968217210040887       0.21020674507938975     
   1.1038963932861381       0.95627087473993500        1.1669923726145388        1.1153965101294117        1.4867067472817281        1.4281326567162433        1.1674588229261960        1.5265944634946993       0.86280188452684903        1.2698173024378647     
  0.64669761111010005        6.4492673802503606E-002   7.7554489615110397E-002  0.24981265167787831       0.22095691942957119       0.69194245052327608       0.35442031404813318       0.47496431211120699       0.50749067083766564       0.22755412504801636     
   1.0835859866992881        1.1736697781961982       0.94261761799891985        1.0855034591421573        1.1934070740395009       0.91481221833822302       0.89096000409234544       0.90674555184397621       0.89396646412382408       0.97892907813725749     
  0.66265790585087536        7.0231451842704781E-002   8.5253003222204568E-002  0.26470188360341967       0.23732799246494049       0.69968120334558770       0.36041100975114909       0.49063515249133410       0.52425487568485463       0.24460396948136587     
   1.2490905704733237        1.3058226641118722       0.96648611063507273        1.1525333795291863       0.91988665909027623        1.1461605910968848        1.1095752010171014        1.1536466290886462       0.92855884723523696        1.1165865059981370     
  0.67819040155054044        7.5914330437067579E-002   9.3217287041694533E-002  0.27937139925078391       0.25370250182929865       0.70710558070544871       0.36642194154054786       0.50669126437636258       0.54091036816666094       0.26086128891946797     
  0.98011056526987284       0.97379944012822539        1.1082910629758231        1.1391331648434784        1.1316174317837944       0.90003435146998112        1.1552517946538070        1.0447548376283071       0.90341681097745774        1.0685201110684430     
  0.69380540988778783        8.1728399585056774E-002  0.10135598088045614       0.29568039303739568       0.27006063219391641       0.71406304183468916       0.37210589697921759       0.52195568553654648       0.55729933742963433       0.27748395529746850     
   1.2740757148739952        1.0334349856752787        1.0596964243517288        1.2525705151397877        1.1517044660920628       0.88453964385989259        1.2032120528953869        1.1003124470174788       0.81157536811705466        1.2298306102075560     
  0.70848547220154967        8.7702925860845257E-002  0.10941953284977471       0.31266216717999540       0.28647421484009777       0.72113967787761246       0.37869243118345003       0.53763918784334264       0.57248498873842102       0.29491579866554568     
  0.85399222484892723        1.0220595075791672        1.0971860385443073        1.1045289491543953        1.2841454718904812       0.98983731417391208        1.3935301736754924        1.1702264422912501       0.91865366409433347        1.6965109956240589     
  0.72227505696814842        9.4543566982139768E-002  0.11889161426907113       0.32870671340127239       0.30325688443811571       0.72886750388393662       0.38531443211956934       0.55333465359388090       0.58591117134355786       0.31228949264209011     
   1.2128424827072921        1.3704835815615957        1.0249996381793662       0.98838373281535385        1.0308410915044186        1.2029158461274476        1.2891236701031430        1.3022939459144141       0.74396936877544051        1.0723729047304320     
  0.73480367184109796       0.10114077568582105       0.13066216883763840       0.34428968319121461       0.32038154280980147       0.73664992866892687       0.39231168981987552       0.56947316147562943       0.59919043474071176       0.33031328828211920     
   1.2313533136092114        1.0336730768150577        1.1203231418368209       0.96161535621198280        1.1964695884956384        1.1053667075953912        1.3074252508481559        1.4029961759229159       0.76876804180343994        1.1942723344861894     
  0.74571754635070508       0.10753233006697742       0.14252787052883470       0.36071469628066521       0.33741007488130759       0.74386252895143046       0.39919689805352460       0.58582938778550930       0.61354156007563565       0.34680078145461080     
   1.0084879234797657        1.0065968897574378        1.0537519694677551        1.1131113753684312        1.2567283759793499        1.0409608300662596        1.0903626505147490        1.2172929667298418       0.79281106485677988       0.86273878623586697     
  0.75648168350264500       0.11449364638339185       0.15485940502805018       0.37665032938015391       0.35355460682831669       0.75032267137776343       0.40595221800572107       0.59847494893198183       0.62893781451541808       0.36091881564585143     
  0.86896216469684151        1.3668262723119786       0.90149186853540386        1.1146067039174339        1.2371132125448991        1.1478882790769929        1.0209975074843034       0.96488274421110420       0.83231338379817221       0.94343138848469310     
  0.76616091538144138       0.12078986841948450       0.16588724547077943       0.39175357175634612       0.36792771116880280       0.75660472153976810       0.41283926716542535       0.61002470853991275       0.64530448039990684       0.37538407039403215     
  0.99296073974879284       0.89807081085398699       0.81680264130888935       0.85020156572608996        1.0066338819083054        1.0290863324170152        1.0822523197196703       0.95245895205372200       0.83255528967284731       0.95124462222209416     
  0.77412814742599179       0.12860933485780268       0.17552741423045140       0.40662807826301345       0.38345369656590189       0.76245440795835728       0.41959924775342056       0.62013823200669038       0.66127742977031967       0.39140305386819130     
  0.86681704861329478        1.2331662076497758       0.76899582678464828        1.1537414526142926        1.1131721666640599        1.0367296154010597        1.3547209742307071       0.93277971818949590        1.1267352114280187       0.99739131451877239     
  0.78211394283008606       0.13634264199546142       0.18737491494919678       0.42245263874165323       0.39868533643657755       0.76859910780900209       0.42595719021639161       0.62959273085249867       0.67650910213610160       0.40735610436108488     
   1.1890723991959742        1.3008305855414808       0.92242722214295525       0.97248169415271923       0.85476035131502914        1.0477808985867940        1.1236110195690623        1.1365347841603675       0.97986311323569841        1.2062204461332289     
  0.79065205549770834       0.14441845302093789       0.20024993584309275       0.43738622677388644       0.41380722395005154       0.77452691190325740       0.43192630613771094       0.63956077355611196       0.69159604047795431       0.42251089600447683     
  0.81087240763073476        1.0377824802909499        1.0468462539213497        1.0382096991597614       0.92222950927316827       0.93221195063955431       0.96942838848661284       0.96494672332325038       0.98140338294389151       0.95625399827525115     
  0.79913494666037932       0.15255354687819850       0.21628381004397548       0.45085480579968534       0.42887546045439484       0.78061241073784815       0.43783201452293036       0.65070493068011137       0.70613077493947851       0.43709134765394259     
  0.94692795116561412        1.0456022589953833        1.1630307962005757       0.94582516474382039        1.0484671654271491        1.1167198050337028       0.97540990070754463        1.1996348702799107        1.2874260586729718       0.92966180035800416     
  0.80756455046356135       0.16120722894843675       0.23216448747841600       0.46404173831888978       0.44368332784018777       0.78639084302481266       0.44341056302078891       0.66320284365694981       0.71950498942920382       0.45126908155849166     
  0.91858005151671585       0.90306987423551643        1.1728295869349299       0.87407941642812603        1.1638581747796168       0.83610932867404886       0.88637797412764086        1.2587965505713590       0.97938701444070064       0.93255790274531059     
  0.81619264588253837       0.17091100851750207       0.24866556799939007       0.47659743683421585       0.45887717545461360       0.79191525568925869       0.44938682866188961       0.67586100167641538       0.73313007015963039       0.46509919900828955     
   1.1351560978887931        1.2736051406443520        1.3918066327684551        1.1437114124316241       0.98401267838955564       0.92702700914051561        1.0535783054356533        1.3667759819206153       0.97631959376313893        1.1895327197640395     
  0.82462730430438724       0.18083113240140394       0.26828879459824950       0.48945656011579369       0.47436961982141651       0.79744506816191374       0.45529566256824194       0.68692968157430601       0.74667648469829839       0.48061292366685987     
  0.93293541175326877        1.1697880721622187        1.3748252697634806       0.82093164498976545        1.2091683230895256        1.1498003635565888       0.99429094684410824        1.2475132369107764        1.1135073930850887        1.2403186925356378     
  0.83238711039407043       0.19058370336018651       0.28823545984065124       0.50284512071702514       0.49050258078364400       0.80303506053703144       0.46114414813443416       0.69657194628869878       0.75797895511024038       0.49573734466033692     
   1.1367381256950078        1.3295467657268136       0.92378576014774016       0.97808542486055039        1.1959103399507645        1.1270699184113429        1.0055023814951902        1.1147150780844950       0.95157900936365514       0.96928759019482646     
  0.83915639566525413       0.20052072565870468       0.31185443500991050       0.51713728608114784       0.50677293734443729       0.80892964669735445       0.46714682269435570       0.70575176366794978       0.76879976597957134       0.51414465533955778     
   1.0485084228154833        1.1496818931132466        1.0567973163121704        1.1582788217594655        1.2074676068049852        1.0755400134008581       0.71300160181907135        1.0701444882870184       0.88055371029301388        1.0877082096316977     
  0.84610144992158387       0.21061803418582972       0.33636462802064676       0.53242385817891036       0.52292729095057788       0.81468277890242458       0.47298669770214996       0.71521258131331333       0.78016789927431429       0.52990132555421798     
   1.0428860007299541        1.0101186159225999        1.1340915277102981       0.95915638846170936        1.1729038582338316        1.0092622116962959        1.1416009575714134       0.90245714328376703        1.1481132113040098       0.98120094016804749     
  0.85313335304415661       0.22085169054201703       0.35970079274532640       0.54746976490013910       0.53896226423368154       0.82025684120947395       0.47919862850046274       0.72518713833632620       0.79198659695809592       0.54614300257210702     
   1.1137266243437283       0.93026313722618870        1.2303315662193952       0.92841334344132631        1.1132747361538371       0.96183367091891192       0.91211475577961787        1.7963114346842806        1.0421055472824632       0.83768291652399074     
  0.86064047357440776       0.23119369695099246       0.38476542586824530       0.56232393990989904       0.55466374791898931       0.82535863538377319       0.48581477967684594       0.73475227506227825       0.80338910665118324       0.56155482448000560     
   1.0219840039662011        1.1300598264759745        1.0998519702399505        1.1818588793978904        1.0766007893127811       0.89801505968039030        1.0742674318471983       0.97160734236498414        1.2937183822225806        1.4810637255562136     
  0.86790514596344148       0.24185493634415314       0.41072492237823632       0.57713567746227978       0.56999030463333356       0.83031302215707781       0.49285082256383606       0.74350071768277737       0.81362073836042625       0.57894702192387870     
   1.0101522487446029       0.95329836846323657        1.0703837361797528        1.2140415219830967        1.2227935216626262        1.0439143770455610        1.0653687627593347        1.0011985069184399        1.3502302801176727        1.1290608788302248     
  0.87498004377669780       0.25301402684126523       0.43755053356748391       0.59120023773535624       0.58412702514008508       0.83542817060864094       0.49914545718618192       0.75118854245856237       0.82427290734096814       0.59632645834867226     
  0.94372677210567135       0.86788509266090341        1.1276396480352275       0.82748068680837550        1.0620614686916867       0.78125600988919353        1.0274065852795733        1.0515588154214381        1.0946577635113630        1.3282638887155533     
  0.88205510966045109       0.26367710765981733       0.46283379825440557       0.60591042006151985       0.59831791822671987       0.84087688652996884       0.50584769164560983       0.75917359466785206       0.83329155047163217       0.61224816940101645     
   1.0179681886124485        1.4115050773221078       0.98328533502767035        1.0801969645932910       0.85522802236841622        1.2630215797518722        1.1435316590207494        1.0189043247913663        1.1256025148561788        1.2203427181587472     
  0.88885422430150007       0.27333479158321999       0.48821211618888982       0.62101595329299131       0.61262384648365564       0.84598327775473159       0.51178639430502482       0.76820785726494512       0.84136545035853383       0.62732778989021498     
   1.0880794062915318        1.2001755430320116       0.97148463869630419        1.3362752797647772        1.0205114702769598        1.0332844641008665        1.0649070993238141       0.97850122874608214        1.0012977056969183        1.1053767993311734     
  0.89526706917969401       0.28278582120470880       0.51512859712308912       0.63560654153915452       0.62787943934412505       0.85082585219474904       0.51856226829130114       0.77733760683247433       0.84884224082736237       0.64313359598132336     
   1.1812509131618836       0.90555752029006464        1.1576299734972189        1.0938029418454065        1.2555841875978784       0.96507365964912550        1.0671416729048746       0.97375231842214760       0.97208038395162344       0.92119548084200309     
  0.90142541709557655       0.29258840304298278       0.54282877093036030       0.64882745696825306       0.64147352308404204       0.85573300373834971       0.52480762593917396       0.78666782449207984       0.85602321667073367       0.66045835026146782     
   1.1613017853924223       0.85523826000057612       0.99940496501354348       0.94817841495186894       0.86052159216990753        1.0638967939074637        1.2157390853269825        1.2862713583729533        1.2093249825904231        1.0812426400148101     
  0.90717155100570113       0.30321660520174520       0.57288105531082345       0.66301201978192947       0.65614930611378908       0.86044282371563985       0.53238555123200848       0.79542642518551110       0.86379626020838252       0.67547942786300708     
   1.0124457194032808        1.0087854091654602        1.1567778573936900        1.0486573354004931        1.1497830558498221       0.98985712076773447       0.94723659402656091       0.99183663577185144        1.1621725771789888        1.1514647913170464     
  0.91254316233053479       0.31439180442515530       0.60666766457340937       0.67685405389908349       0.67068196665534163       0.86527571035330852       0.53958142691845912       0.80331295304250572       0.87224828692948975       0.68969607251452214     
   1.1474086428761834        1.1382124357775325        1.2473693108161779       0.94309005582891448        1.1008558656513310        1.3233317257507857        1.3671268921802289        1.2142360795755229        1.1093739239039160       0.92887493433073998     
  0.91746240841618298       0.32608646905881311       0.64186052337445465       0.69052959387468460       0.68631120871699469       0.87026352499798021       0.54719553379088759       0.81139207549196180       0.88086291326335742       0.70450100606377319     
  0.90871213575638388        1.0093935657510362        1.2708781514137579        1.0667665392126437        1.2241793334614166        1.2701318732468576       0.82811993954768570        1.0214197166209160        1.3834506503084563        1.0672278016772208     
  0.92248369795428897       0.33906631738173443       0.67740646145249983       0.70595738768251648       0.70266156432428539       0.87559119159219878       0.55521781989566765       0.81978492864094765       0.88957484103280304       0.71993185024654160     
   1.0977207593743519       0.92785911510255015        1.3004960712316394        1.0691360919109798        1.0995500523646762        1.0007402009060071       0.89256550554274150       0.99288157421681811        1.2730730238268744       0.99652994806409989     
  0.92787047190920635       0.35178271664139721       0.71104548120697231       0.72092160136487837       0.72009003584666820       0.88046847909045345       0.56366999994179900       0.82819399887595868       0.89812596066247863       0.73618870405589454     
   1.0409828257308262        1.1476604198494860        1.1997165243578929        1.0635523713866493        1.1175177905387179       0.96037810165197568        1.0375585872630171       0.88346024242817089        1.3248329465982316        1.1704350593833206     
  0.93330110877411776       0.36410749543964055       0.74391495445169920       0.73699831127075555       0.73841415477797534       0.88528234220785040       0.57275337683169059       0.83679452515050445       0.90591817800117846       0.75161454684217477     
   1.0631715363718313        1.0333641880977615        1.2202819247302534        1.1638880752603467        1.0062960131542609        1.2059019434087788        1.2384288787948095       0.95177680552051436        1.1885729769571163       0.93781973831167453     
  0.93836416272971646       0.37763022083463876       0.77464877698794998       0.75273513900350608       0.75688901170683565       0.89024164262688399       0.58151541846892330       0.84554267292480123       0.91289944670083911       0.76678639534468729     
   1.2176602551393261       0.98173507058604437        1.5081219046789374       0.91141204835026168        1.2771658169169759        1.1216193928068245       0.93720599619145206        1.1323537727091859        1.2369119863140725       0.94460440262377188     
  0.94273675627918219       0.39358992165249301       0.80429481474315723       0.76896208561986967       0.77462812866167174       0.89539618464531656       0.58913813240363710       0.85444178887761413       0.91925774827209306       0.78185952421296012     
  0.94030122985599296        1.3636660048924225        1.2073296307041816       0.94377063409963158        1.0145396039500689       0.89990394453884726        1.0219944754825605        1.2257649245590079        1.2649184977448822        1.0869335633941875     
  0.94661710003447408       0.41315060066192177       0.83091256655745682       0.78459979978621230       0.79069184428437811       0.90112210971640094       0.59692416408493232       0.86355295414269928       0.92531864483737092       0.79781384254050391     
  0.89915889954559325        1.4320598034742729        1.1333941977982864        1.1861299138393653       0.99075208135956772        1.2277757749106282        1.1021468343098046       0.88158859466586825        1.3423930926121781        1.0851249892919133     
  0.95067541863733462       0.43420572202059987       0.85587247858428095       0.80122970371447877       0.80559401043483148       0.90646922683772746       0.60588424595088008       0.87221082116163251       0.93132193919946793       0.81463970412514619     
   1.0071601794455785        1.2287447388934722        1.0952370549899146        1.0532051250966783       0.99132334955051338       0.96181197327728440       0.93357126716433381        1.1166141546576911        1.2000697890850038        1.0521026290779079     
  0.95473913372690922       0.45666919924537430       0.87529559740844654       0.81803219563688012       0.82018200633617766       0.91241716825463093       0.61602056431203978       0.88073875492166942       0.93736255844153571       0.83215267136395055     
  0.85247446869123633        1.0601207286743000       0.93318590885271302        1.1462338746301728       0.97800850721111399        1.1896514270038903       0.97930052691572367       0.84553668292018791        1.2167132339341049        1.2552186571815664     
  0.95867953908099901       0.47972611664511960       0.89345885077676845       0.83352992502386525       0.83514869794960178       0.91830118583969123       0.62728401673967327       0.88940492711015484       0.94337588464208666       0.84885191933645976     
   1.1155960283310651        1.0222971426100729        1.1420689773882295        1.1020987720913895       0.84063954379662542        1.0803408837340132        1.1671806956303057       0.69748411954289380        1.3483359911858173        1.1365116306327712     
  0.96273885574043350       0.50512441727742685       0.90965150354592372       0.85063546723885286       0.85070178352511583       0.92393333931161337       0.63853106921400371       0.89821535402686548       0.94925195870986145       0.86499318465018071     
  0.99083007344484431       0.99512461807202302       0.81450240855123490       0.93354564236274840        1.1482474245772409        1.3561968597263296       0.93129162996825643        1.0607505450357135       0.97525590522606298        1.0077967202059694     
  0.96689421273047071       0.53539853460824127       0.92531047174537540       0.86720478714829075       0.86771322719113086       0.92969627503731067       0.64979382451145673       0.90702673569300440       0.95514854684750405       0.88104979570712016     
   1.0445084017489372        1.4176348367119034       0.92360250073219008        1.0297354291074570        1.5389944775036084        1.0820293285885083        1.3556360083753201       0.82768655457300666        1.2360161918394175       0.97573540089827249     
  0.97074278330661201       0.56959641822815266       0.93905332938189490       0.88551044695720915       0.88571419317141109       0.93594696330831051       0.66064438661564384       0.91641017011363501       0.96070173951801385       0.89641262901649688     
   1.0015927964009110        1.2842176054507117       0.98007526830664216        1.3062188243409307        1.2011694311039962        1.1343030038726121       0.96813417872648344       0.97203815593405118        1.1630280388815937       0.90654449054974073     
  0.97446032439910946       0.60594443277920396       0.95044958711678640       0.90034063260938957       0.90334233192618929       0.94237601239567126       0.67403177176296747       0.92613447913932700       0.96621878739007372       0.91196183481825366     
  0.95472628526496406        1.0243502810403113       0.88566535963902915        1.1576863367868384        1.0266489347056578        1.0874751588244413        1.1212697836963283       0.79488690143614427        1.2788085908800020       0.97116882733292109     
  0.97820642910917610       0.64595636458752392       0.96046166782829900       0.91462122969755288       0.91866130112636468       0.94903904421969199       0.69052471202322163       0.93740267118171094       0.97161896086185773       0.92623441940026363     
  0.93687324130249783       0.93963389223048055       0.85240378141954931       0.78600388727450798       0.94353184659234945        1.5155236385175788        1.0516690112406293       0.92671296534494418        1.0386210278253352        1.0278205977791353     
  0.98181391615532743       0.68796868228089869       0.97036576115315376       0.92790067238663765       0.93531895133984388       0.95640880751537594       0.71019559153641820       0.94988543523306279       0.97731467078204215       0.94220587641519182     
   1.0674168369176038        1.1334333522046591        1.0164690701091175       0.86468869945536175       0.87676620674559758       0.90153855948940631        1.1152769436953869       0.84574356530411110        1.1585285616673744        1.2871238435953996     
  0.98553731354222007       0.73379942281958788       0.97938918698568789       0.94602908616266779       0.94951642497512156       0.96477146958053528       0.73605319581530038       0.96192444026665647       0.98287615265420814       0.95663080719590177     
   1.2642434331404007       0.76951967912528618        1.0540670738370628        1.0426741642310493       0.87734653232608806        1.4444865530591593       0.82432629396273238       0.66704169905963184        1.3171831209718377       0.92076223884599773     
  0.98974080024176514       0.79154748252328355       0.98737761585400652       0.96452192722528962       0.96450892991102299       0.97347439473875064       0.76714014342624326       0.97343087938257900       0.98893060562452817       0.97146189865459187     
   1.6041895044408989       0.82791046938622093       0.95005458869124992        1.2050145301707280        1.0113131304079548       0.84805815598965073       0.98135200607392759       0.72462032851267666        1.1681041223786619        1.0091046725812951     
  0.99456667703816659       0.87814680195659145       0.99370395636527198       0.98229197567578619       0.98248709343935703       0.98606802129815785       0.83571424413909645       0.98664626278391965       0.99451262831782161       0.98484409769960224     
   1.5837490302935948       0.92707818814994492        1.0586553705365127        1.1618302357725627        1.2090803928635416        1.6815087532102719       0.84750655947120435       0.74246414252620363        1.2921750754372858        1.0060588850367596     
   1.0000000000000000        1.0000000000000000        1.0000000000000000        1.0000000000000000        1.0000000000000000        1.0000000000000000        1.0000000000000000        1.0000000000000000        1.0000000000000000        1.0000000000000000     
   2.1957831989277552       0.71852736774324977        1.3446404737776121        1.2015893353210163       0.98370555275704941       0.84292187583751466       0.73959858585256988       0.70223970137944614       0.97984123584422511       0.87370021141691145     
   10.869536339818259        12.351026666130021        18.171280291793991        10.393834660875422        11.109328792055656        0.0000000000000000        14.308317189175730        12.232205594718627        11.563967170684002        9.7662735859035941     
   13.727262236855422        15.671571594886816        7.1237462762357486        11.598234467848430        13.550739807390270        0.0000000000000000        9.3133247577028211        9.9255559768161739        10.497995672838039        13.969760779627878     
   13.118021766820618        9.6213971091847927        6.1053788148195380        20.059724675137478        11.916243250286183        12.757186757422534        13.985822278777876        11.993512958980347        8.7669123285403519        13.805762061080042     
   13.384343159186608        10.962055898919344        13.949770151520131        12.360453097471206        11.859081596149057        10.522002317010148        10.472784316294293        14.304069819471280        18.308838830648430        12.860489855467188     
   16.044609496219017        17.931251853621923        9.9712269851028061        11.383488704874551        18.874747412919277        14.471206304071172        19.122491253653124        11.927004855168835        14.399890007428464        13.902600715434705     
   14.312540659717701        6.2096813060813556        13.517733582954067        12.092772723885531        13.105883302910593        13.896601431177304        14.606575558471690        14.729697713818492        13.107315316307290        20.531596353383289     
   14.436944599298236        12.042951321963589        7.0866570333642951        14.732639309866519        15.298130332965044        13.586551666146349        14.651744322230439        10.855552261158911        12.681219125760919        9.1354874371500525     
   17.521852706827527        20.109412762499797        19.223032454528742        10.899703436902069        10.874170987360799        17.831616540308037        14.764776628987645        17.152779531446022        14.704173171137560        11.684714078254009     
   2.0651145828645811E-002
           1           1           1           1           1           1           1           1           1           1
   2.0242725653890951E-003   1.8939229594021659E-003   6.5642759984826846E-006   11.207276456088652        4.0135407576282838E-005   4.1175615936696418E-008
   1.0018023126219872E-005   9.2769356308293731E-006   1.1984351908644079E-006   4.6799637332636840E-002   1.1982878242977921E-006   8.3081355296280290E-010
   5.0000000000000001E-003   14.102497572922834     
