   0.0000000000000000        0.0000000000000000        0.0000000000000000        0.0000000000000000        0.0000000000000000        0.0000000000000000        0.0000000000000000        0.0000000000000000        0.0000000000000000        0.0000000000000000     
   1.5310840271226479E-003   4.0697428157521172E-003   1.4950991858783765E-002   2.6740116551634573E-002   7.1648915536430121E-003  0.32378495728798035       0.15506355385195880        8.6767890305729151E-002   7.3170533013995731E-002   1.5913660737739400E-002
  0.98579803767411223        1.1972108442577600       0.78586114541822449       0.52468232478611287       0.66262674652346620       0.44078931221289974       0.47242628739941073       0.61271120113404376       0.76181202073955123       0.81958865841802964     
   3.1128518678037106E-003   7.9314910302968611E-003   2.6559897581820008E-002   5.2035719041510942E-002   1.4796186333032080E-002  0.47286155582209577       0.25957756682430982       0.15025689951889576       0.12381251113619468        3.2418339554962775E-002
   1.1046350774659863       0.79274431080925400       0.67026367748173654       0.75575055866237728       0.61961859896046079       0.80593485522157871       0.81915544433877341       0.94230914952253120       0.77431734755206505       0.76037736967516134     
   4.7974456097104531E-003   1.2243606186521780E-002   3.8480630553451071E-002   7.1397885622053223E-002   2.2777828276679218E-002  0.53239069660796712       0.30179897618864482       0.19427906970864997       0.15627453506146546        4.9595270731238886E-002
  0.78927688525659645       0.67621846375081707       0.59662916626395146       0.90383445822792396       0.63024226670385941       0.80247918097101578       0.96290497340029491       0.85220344325582942       0.70306658847274384       0.89714608563270948     
   6.7668909843154627E-003   1.7069758524426652E-002   5.1471775026341940E-002   8.8539631812716638E-002   3.1652832793801100E-002  0.56524938534656821       0.32976197158454840       0.22639114700355994       0.18413189533652752        6.6379036332784636E-002
  0.76379704897322209       0.63223392375993248       0.73954275078247944       0.57710919108158831       0.80312402119324844        1.1965841187197679       0.96715402254414606       0.76838696398939643       0.75680142955760876       0.71071907125096734     
   9.0477126567190605E-003   2.2350448933707516E-002   6.6163983195268353E-002  0.10808727828562106        4.1412784328076262E-002  0.59199159734789708       0.35098304821363496       0.25237325119320997       0.20984231918131460        8.2055832287718927E-002
  0.83360458129069048       0.75574948031387845        1.0342335506449098       0.97809895068043218       0.82115958980270065       0.76858578307263936       0.89087024660540359       0.84181541739172705       0.84655391142088809       0.76744905208001790     
   1.1555076283731302E-002   2.8983930226625522E-002   8.1401667797910068E-002  0.12489335231758242        4.9901874338833835E-002  0.61035902922077545       0.36742316910904099       0.27690244792470753       0.23222199390018416        9.6376302661222490E-002
  0.82246311420235352       0.81770599110331132       0.81674120944055550       0.82875440283671331       0.67656161639382573       0.61995451853245997       0.70936627955052323       0.79112304980868697       0.68271053826141603       0.68814938540064430     
   1.4220097134068929E-002   3.6048292814502399E-002   9.6677239871037074E-002  0.14139237115124798        5.8180601929500905E-002  0.62486500244651322       0.38153939396088354       0.30097570421965203       0.25575231011353161       0.11178319329419061     
  0.73223999711781573       0.81152664794032925       0.73196964571399159       0.84423010326429981       0.69338465845528985       0.78311742927163297       0.54805463136385790       0.69890594093450042       0.73793650410461620        1.0084054901265436     
   1.7178434275354718E-002   4.3388848738114362E-002  0.11115348494016121       0.15690546935084726        6.6282388883102145E-002  0.63939932342566741       0.39510483664504870       0.32387644150037875       0.27882064867753104       0.12791121215852880     
  0.76828211515591582       0.70002597318123649       0.63611694128418206       0.64894108794878336       0.64932481706417577       0.78507722690716508       0.65683379264786013        1.1156010292178604       0.70430385324115485       0.67917619720024569     
   2.0083613967149999E-002   5.1333358664294906E-002  0.12646989480528087       0.17230297176457698        7.5293227042100994E-002  0.65381714297321436       0.40792578065257012       0.34578873487865636       0.30330632608752284       0.14435200613180665     
  0.68465105027291218       0.60368644651986048       0.73098946081192184       0.75182900681631848       0.91384698386064167       0.64670472874012408       0.90070530109727243       0.77930792823186690       0.83728754676624095       0.73618730631497931     
   2.3241067374048699E-002   6.0396143694228431E-002  0.14198957165989937       0.18805232933864063        8.5516228144204051E-002  0.66546189075257389       0.42008183129962257       0.36709671592348042       0.32507990411693227       0.16245717996093087     
  0.65597689981824858       0.64567466321851397       0.88237920492993815       0.77377723090291040       0.64378502072120114       0.74447305694779553       0.97800053270872755       0.90960920111218913       0.74987561779663614        1.0186239319384454     
   2.6568188710995269E-002   7.0861896988814344E-002  0.15791999148607272       0.20343812571097683        9.6389651584525116E-002  0.67630758676140912       0.43051815396624554       0.38754219712269949       0.34586745888096460       0.18084494979282886     
  0.64034319423279873       0.81524829618535610       0.81758022067207781       0.77643478352135042       0.79807728816459400       0.96469321914954509       0.66195546125980809       0.77290653813820120       0.95549112469702968       0.91532317637097582     
   3.0196963726128147E-002   8.1612143702362777E-002  0.17436456322191665       0.21953947239989716       0.10816847692981076       0.68781956088538632       0.43793077769002892       0.40755689790110716       0.36658506706654670       0.19890959182290668     
  0.68216100704552640       0.84914926069895602       0.74540686194978112        1.0594455072477011       0.79285897327351695       0.68751607713432117       0.49222416556401427       0.75244352993600783       0.93486871678957151       0.90135498722865293     
   3.4651321326750077E-002   9.4035232540628136E-002  0.19079755794173853       0.23413452221668143       0.12048155278005358       0.69926510118311525       0.44544189286546809       0.42690251301789228       0.38582710691745625       0.21445501436277123     
  0.82475540727136842       0.70341092388111659        1.0470158690036979       0.78824889027987000       0.63799885337018902       0.70771437884413158       0.69852098704112575       0.74296107006314782       0.87650556897695220       0.58327265331246847     
   3.9123565789658601E-002  0.10793677941409641       0.20806740358748971       0.24790579916020766       0.13573112296794382       0.71028728833425214       0.45338966157956828       0.44525334300196667       0.40553387727774631       0.22943298537374113     
  0.87460064560427531       0.97280923333420843       0.65829265719881780       0.61150403987805035       0.87596567972800121       0.83629559993863800       0.72015354567508238       0.78701643234667684       0.96764813170924857       0.69540249993029679     
   4.4415316437954933E-002  0.12276145619289511       0.22640570584912761       0.26364583473526015       0.15204510046426642       0.72055501143498379       0.46176132763955047       0.46103872197842105       0.42338222181940960       0.24420882480140796     
  0.75731147672616306       0.89016914964042859       0.77716385978370806       0.79840249112503081       0.73554203069461499       0.86448724176520542       0.93526189600219201        1.0907985615934215       0.89710617658303804       0.63758778200876354     
   5.0688027605421772E-002  0.13860855181055784       0.24442087626290362       0.27968148471517068       0.16892266095292158       0.73023231619125606       0.46983342337340261       0.47402715215698937       0.44017724393524355       0.26071579602439560     
   1.0081684538970110       0.87299365089260728        1.0749917930424093       0.66131987110934043       0.75132695091165536       0.83797387483046859       0.78631273377776645       0.86309925734396742       0.65838760122242823       0.88958788443147718     
   5.7557843438072034E-002  0.15490388128790672       0.26092111392750789       0.29651302234215748       0.18707439724986180       0.73911023007514176       0.47698856557532732       0.48666078249607841       0.45781973132227427       0.27647892365551946     
  0.78069306542307992       0.72870132783753883       0.94136169241932688       0.65352259031110072       0.67429437309250995       0.75763857637675691       0.66094480609819162       0.61229997863193297       0.80296231506707549       0.77202832572920521     
   6.4371074166317335E-002  0.17237202685938618       0.27730152451757700       0.31285074955111136       0.20612949178786236       0.74731746340654537       0.48421246336845575       0.49852262599883163       0.47516471596619070       0.29084568136507910     
  0.74362455228697555       0.79135403146020966       0.61595908965080859       0.67827683527241156       0.72503664785898370       0.76365980187030957       0.61706077949321125       0.64406570863913670       0.70859107957268497       0.72575829033396733     
   7.1793103434529423E-002  0.18964466799536014       0.29407796778898998       0.32814733763380005       0.22796353528939417       0.75579671674356430       0.49212117716643444       0.51179476163733395       0.49168237947598170       0.30518048972126083     
  0.66792366425491490       0.78670815998078425       0.99099923674801205       0.74662024780342640       0.92581525683895349       0.83196992887524546       0.74900847939307791       0.90614016490240812       0.70801859438270121       0.67881927634837225     
   7.9717712245145594E-002  0.20730994819796170       0.31121022496034340       0.34178239499074975       0.25069083530507236       0.76456540291346875       0.49928730843232094       0.52543850230274880       0.50838125854555294       0.31932205068029096     
  0.93786225621670372       0.84380750764007928       0.84670397290132371       0.68745397372729111       0.77762726906416502       0.61048748953246290       0.95278160754625263       0.99438978082662266       0.90604974572296337       0.79664025130469285     
   8.8487381560716644E-002  0.22644942991094105       0.32785296627889327       0.35515269653727721       0.27140787892278223       0.77278406173850855       0.50592076903147887       0.53766834452879320       0.52571232959939285       0.33363905620186002     
  0.78482762433842057       0.81021445527065106       0.84823684152763301       0.63056967997119551       0.84974114355201724       0.79232295698603727       0.61406934677323999       0.75700449354754562       0.81936986495582342       0.71870832789076355     
   9.8365471118514833E-002  0.24640305220647804       0.34287418705552697       0.36898565139554623       0.29070944093919915       0.78101987560000619       0.51226090929553969       0.55009860206039585       0.54147903328493507       0.34895053363954559     
  0.72652154783871714       0.82754499701200712       0.68339812618738638       0.73292606749871547       0.73757759206431472       0.89154189696353203       0.69313878230748471       0.59171504065955283       0.79532845262966279       0.64758834242896135     
  0.10843183673887691       0.26541151854923173       0.35695783163701750       0.38397906958059808       0.30952749157553627       0.78868746069003648       0.51864131972056915       0.56290223456786004       0.55690065851888049       0.36422111794133699     
  0.71259254185590581       0.71722608631891926       0.79727118813713671       0.75928631521435341       0.84685522417666947       0.60737205256678739       0.66749916793310549       0.75265890000176394       0.76183977773638045       0.81521464470725657     
  0.11823465089683013       0.28350744689484841       0.37025598160588380       0.39911353728812660       0.32874547300207052       0.79632646181695810       0.52518698769914873       0.57540170861078066       0.57168185301403662       0.37815285511472824     
  0.66764544892917010       0.92552026046348501       0.80950491272127945       0.96046473761317241       0.85638854432367384       0.85222061651134828       0.72706854069485749       0.67261173300825627       0.73817212564490819       0.62503117888340309     
  0.12778389901918941       0.30104149110759465       0.38380328270672598       0.41510338980139411       0.34656411392189956       0.80376013601834950       0.53192938758237107       0.58691755161252401       0.58599577808622594       0.39069587531735722     
  0.54386329827358637       0.62109720544173763       0.84594684769219686       0.69699820601154616       0.81571623470513965       0.91489935392265942       0.85887475902892729       0.70433918263455342       0.68221354136657453       0.83823011988242080     
  0.13800560312747256       0.31851861219871475       0.39820797563751886       0.42855144212434854       0.36464059339660704       0.81098499716973960       0.53906441714312503       0.59810664060331242       0.60044854567052564       0.40319649490498616     
  0.71714290422731108       0.81075329419916897       0.89468446340313812       0.58327252183726197       0.62064088594019573       0.92328788268488282       0.74301138243053122       0.70964680358874210       0.90081936517953598       0.68899889976852469     
  0.14867441405959492       0.33548771632435376       0.41175707786752092       0.44201835539233075       0.38418901800027544       0.81671350205127058       0.54633269974995480       0.60952945154670646       0.61396701940637821       0.41720148806087909     
  0.74680451014191196       0.72118958466272209       0.64700145889141725       0.97652183317123309       0.85014692144189585       0.89402135695253937       0.78727591143173692       0.79697534723850905       0.72561024538620700       0.55223754079626064     
  0.15990237952406486       0.35334347919311815       0.42519729818485713       0.45402168011573651       0.40471501685259953       0.82182574502621264       0.55288257701592669       0.62131016044514198       0.62820890219397429       0.43199750386965918     
  0.83222784248438997       0.85332988258014708       0.70257934881677986       0.76425597230220110       0.67118095008145762       0.78760952296219933       0.75917959125391632        1.0858987596189711       0.70600759850622219       0.83532559376669713     
  0.17020434073488419       0.37145539297941610       0.43960489940840669       0.46636268408277060       0.42580891595902082       0.82689848965795909       0.55919840698897605       0.63293149869549736       0.64250778775859796       0.44935048359865504     
  0.64520795072291726       0.83714074746684164       0.88389973674502009       0.62310224803279368       0.88918953586808502       0.77628074966629024       0.92023769620960749       0.70031644501298873       0.82242248305032428       0.92531498909652155     
  0.18091817472375524       0.39162385346741585       0.45502279989794042       0.47909602997109418       0.44695860478500588       0.83235631258912668       0.56509697344120347       0.64379011696337807       0.65531322768830058       0.46841705325192523     
  0.58353889053562735       0.86637994701187138       0.65066831816482573       0.76451910183594662       0.68622789429982556       0.77226678083945943       0.69829689200320266       0.76225616679850139        1.0166141758411569       0.78127378113296675     
  0.19300145363926841       0.41215345554258725       0.47136143954822946       0.49225317322192053       0.46770844336062661       0.83840988124382321       0.57090935811824950       0.65429424986663576       0.66603727502362864       0.48723125094781899     
  0.69270979457628612       0.82147339656861329       0.69230462644985047       0.74136145310984314       0.88204473085002300       0.96286763068303993       0.87555758830979880       0.73075505849733902       0.70696635186375401        1.0045516985061713     
  0.20828291653653805       0.43370322651002013       0.48756396683652509       0.50571713853845246       0.48991219334909480       0.84482665650701483       0.57680108429024557       0.66437868337365014       0.67574280857224833       0.50470096886886562     
  0.85188974002934115       0.75350227513342605       0.69271671107002675       0.66752180960387808       0.81157646061946664       0.95918223761215016       0.85280976159009492       0.83491756100658154       0.65822903351862261       0.78222787874329536     
  0.22790774175623421       0.45348887503019175       0.50428683115828365       0.51856163027685898       0.51454594438886991       0.85140640826478542       0.58266126873782209       0.67523380742812245       0.68516837236968831       0.52138852660511270     
  0.75749919466052829       0.66851532725922558       0.73739862894815278       0.72336317435125808        1.0272955978010094       0.79311132711413856       0.79329858522258834       0.81080771784917027       0.73072036824071396       0.81857758565596028     
  0.25059877440237827       0.47046411198350502       0.52151630422640782       0.53123994721304080       0.53866723104036374       0.85721117062968399       0.58885981333669157       0.68578510037737872       0.69541673358343781       0.53449160355775471     
  0.96843029293373939       0.72226857259052590       0.80460468121585860       0.77487529885437711       0.92356545818486135       0.80218035621944050       0.70797292438153425       0.79071957622756250       0.78564613075157808       0.61237528098699823     
  0.27506118841303923       0.48671778283650380       0.53911973782661249       0.54491679172295748       0.56138007510987453       0.86208474878235730       0.59501916749788064       0.69674003461104705       0.70749078523776077       0.54738926579177427     
  0.70365630054083184       0.76790927981236834       0.78016679435437941       0.99008890620242918       0.74831734441933484       0.57159888670314685       0.68691855862339291       0.74578990831623804       0.67287744071332611       0.69129785883489769     
  0.29881364228277579       0.50326241645301251       0.55594272367958941       0.56116705329446814       0.58399666521856297       0.86646424754010587       0.60140424538099602       0.70658188586439719       0.71909301205287213       0.56149425385810992     
  0.75325022750322335       0.88932781062521160       0.64905028018358357       0.83858301353809450       0.78775351286622119       0.63329538795257023       0.87293406014755881       0.81658151432959480       0.79955549040071783       0.71133226749190615     
  0.32266502442128209       0.52181071174164628       0.57410613890244888       0.57735144837584917       0.60663881776569673       0.87091464403462238       0.60770435416183777       0.71645905688280964       0.73048681976126240       0.57486214917806611     
  0.85295366709828613       0.79937939177877337       0.66283060301812213        1.0105384549665188       0.92238727328265080       0.74172200690124124       0.61981709987575584       0.72687116100105187       0.93997296160491839       0.58062454542255781     
  0.34593173175818143       0.54289846250519935       0.59265966676894521       0.59198073528576900       0.62815764339589752       0.87593705795032772       0.61472449472068269       0.72631521362884199       0.74170638852674486       0.58760650836228534     
  0.72582515710468809       0.99640066808399896       0.82498921040852691       0.82598105296151392        1.0498178725373641       0.67522053802074300       0.71548210632678844       0.67571574075544638       0.65183599135079628       0.57278063797019496     
  0.37175802566362537       0.56342638521634192       0.61227723446115490       0.60621807340217149       0.64847126509003450       0.88100916313759670       0.62192819713721126       0.73734824477223548       0.75412774885026868       0.59906521096281162     
  0.76679403765013465       0.94070060840441094        1.0008625869285983       0.87103962185204298       0.74188662431183117       0.72870043544228136       0.86807305714454641        1.0085750510711244       0.78546891133739971       0.61870020417449145     
  0.39726993546482037       0.58299317634637049       0.63144074703644948       0.62037829276283818       0.66859245643029053       0.88575697123776753       0.62959128835559419       0.74760809719052812       0.76629689894075181       0.61381579152396304     
  0.87399146156551488       0.76971613097663250       0.83364948690546026       0.78741659719068446       0.86149303699716429       0.53249802462514539       0.76051420356999999       0.70012664523002477       0.96000490688959317       0.79019929809961709     
  0.42388194167370552       0.60217719100555234       0.64718882397138588       0.63479395715643927       0.68772332376536760       0.89056130076717521       0.63741125110900165       0.75739132743304127       0.77836015407210268       0.63156708340046830     
  0.75103969179350116       0.91918618969879207       0.87453149762450288        1.0031776900015905       0.79729146879600898       0.72695606771507115       0.73414062369233335       0.79738529744281272       0.75350304027625614       0.80596247881291139     
  0.45148231316587067       0.62228657613012350       0.66196409921740207       0.64872019642774204       0.70705971950314128       0.89570321394924246       0.64501619289213163       0.76669256025766541       0.79013356224069098       0.64918000190700109     
  0.96056307508629146       0.71622461886882494       0.72521085651718109       0.99934354539992787       0.78617486500759437       0.98786197097246187       0.79987489596820938       0.77947161347619354        1.1265678150711387       0.95329866217365677     
  0.48229596875659247       0.64278375551221290       0.67637885129173925       0.66156368623597550       0.72696574805116743       0.90062824143384779       0.65187357369414323       0.77574474613062883       0.80184987173226097       0.66607082158024422     
  0.91933983652318396       0.84191058738364499       0.75855653358925024       0.64265261745144320       0.70537767516793293       0.79229004418418525       0.77656202751749148       0.85595230084350327       0.99650752683452182       0.93191694410458858     
  0.51244790623394243       0.66118038795963352       0.69107926490712146       0.67353119833721820       0.74720774924533773       0.90549470286126721       0.65811300337710443       0.78497046259321879       0.81277227009131303       0.68214754498267482     
  0.85177066314796357       0.79967729187068082       0.76223089159065449       0.66227271281045075       0.77371314004749914       0.73498830736700904       0.86543110846527871       0.68222209000748224       0.77978544996812260       0.78373360420464688     
  0.54340679620385046       0.67701314324941775       0.70751360822502007       0.68568921242399983       0.76362122260933873       0.91035558156247443       0.66412853229412849       0.79390269971580285       0.82324975430971314       0.69692351940560926     
  0.88566666596706589       0.89584379765945088       0.72875942375304992       0.76435074094499966       0.75852585164427244       0.73746630389509238       0.91546492658125089       0.75056385502288181       0.71517848721534361        1.0229942765617659     
  0.57533226644340352       0.69035110787142073       0.72224041082027868       0.69951304740966758       0.77860982285721170       0.91520763893777191       0.67031273589634133       0.80192549521063949       0.83297040298802383       0.71285409622586871     
  0.77089372096983766       0.65588791263918234       0.69696925579240598       0.87986119165066123       0.79077487331653407       0.75410304684766660       0.75030131753117746       0.72996714416673736       0.82000987042762430       0.82980847227229182     
  0.60785183809722865       0.70606789634800504       0.73604318282438363       0.71506834076164971       0.79323305460834614       0.91982998454139930       0.67600326227360930       0.81017833695364116       0.84272619213700528       0.72846521116955398     
  0.88859410784039650       0.60438697421651666       0.55959118630529670       0.76090408126479325       0.62872309956394890       0.81165905151223849       0.61775511948922435       0.76011675372288279       0.74634858580737451       0.77490895827234496     
  0.63886448904666182       0.72513033620308343       0.74982418769079595       0.73022637893539633       0.80900024897261258       0.92417514903528886       0.68300671491777210       0.81790932517550918       0.85281537886986025       0.74337624742048425     
  0.67070015802335003       0.67633934391597139       0.63877657501607688       0.82962319043997323       0.73291382284313999       0.77707267008001768       0.86508646996237526       0.71425641839057852       0.68715932131426749        1.0069318441734352     
  0.66965858962755276       0.74385900535543936       0.76592997816649344       0.74478098422194905       0.82634903942024551       0.92859136623343130       0.69060209337701195       0.82652040461305099       0.86347679782543707       0.75866554668068553     
  0.63618461582197505       0.81805690323612157       0.82756374649137121       0.91265792140395974       0.92137726157618338       0.83311805995251931       0.73831180701413168       0.91971105801814190       0.74565155210763812       0.58887029536149593     
  0.70001788309378021       0.76434881153765555       0.78201798853097715       0.75850639491588656       0.84202866234626705       0.93312077369755586       0.69894072890022241       0.83567069374979508       0.87484582129146515       0.77443478208925731     
  0.85497844276747248       0.74907234733089312       0.85860141167472015       0.86260083821709088       0.77319410786461573       0.92046882107927341       0.68639599539745155       0.76977008275586667       0.69377194064140590       0.91870671968401962     
  0.72862866043811692       0.78605453151975935       0.79788188357891654       0.77260323133249009       0.85632330497525599       0.93748736232120611       0.70756527495466848       0.84575012678294192       0.88527366350837489       0.79030835371474861     
  0.72622818388099974       0.72967762073002673       0.88674315453667640       0.89976539561525704       0.58202221881810723       0.91579148460865645       0.92126323335518612       0.89151582307199806       0.77953016478120141       0.85738162224574865     
  0.75594380014071960       0.80756771363230240       0.81320271109014308       0.78724234200658028       0.86956270890641751       0.94160847944862669       0.71614325563785619       0.85618750320383574       0.89494968364415706       0.80747138240689253     
  0.65121463444690397       0.77397142210950998       0.68713268406133643       0.67766326361628204       0.67231066470409828       0.68471139501717215       0.85860854830727973       0.76707289499131082       0.86219787132916936       0.82130412826764065     
  0.78387610401034369       0.82709797418497377       0.82831765781363820       0.80222609287287372       0.88253590425120876       0.94544929341946837       0.72516546836416984       0.86554511660631128       0.90447193175109464       0.82638540428160745     
  0.92847541624525831        1.0038314039743308       0.73157890478508381       0.79161148657622615       0.83914965459344848       0.70097656761401406       0.92016097822328247       0.66442271532327735       0.81255743213692844       0.79781689373159925     
  0.81101865585473487       0.84204082495215216       0.84311865770223327       0.81788098269627130       0.89589080763815532       0.94868993036770832       0.73435213535723720       0.87533546696353615       0.91361626387511252       0.84582179318136519     
  0.88085761592221901       0.58218504880193966       0.90055701096174923        1.1562058457170057       0.76884509214360353       0.66265158075814967       0.99413829519906038       0.73513820455472090       0.74515531367581289        1.0465413988074361     
  0.83567662518269659       0.85689352954656606       0.85716887774425710       0.83336925081619950       0.90911945412282069       0.95204662415246488       0.74404631460079496       0.88635839633278779       0.92270368667898228       0.86338085565693012     
  0.70560742469109072       0.60426126143555137       0.76820659528018886       0.76110987441834543       0.72293971012729241       0.74751206588067687        1.0023459701236508       0.84473749792414432       0.73753127182473588       0.75750747353967818     
  0.85608055335918498       0.87161220671912576       0.87229198723144874       0.84925290076219606       0.92129956146418457       0.95560032359463765       0.75433551125771603       0.89639972969912773       0.93160921482829562       0.88029297611262747     
  0.67796738509812748       0.63501642896979071       0.70684723868601695       0.82608292123455762       0.72202307174418678       0.77191231082585077       0.86565926466380028       0.72751918144443539       0.69731509309126671       0.65802132852399742     
  0.87601416076039496       0.88787831039477338       0.88845430962527339       0.86352613230904141       0.93264821391180674       0.95921886836233561       0.76528447889955908       0.90747651931992479       0.94064872282982726       0.89662759925669155     
  0.65852298644794505       0.76321883038776872       0.82200234554240648       0.64583707726739326       0.84829592644568674        1.0238403463462544       0.80869939059604468       0.90785910234063982       0.73221954975866466       0.68700103870011886     
  0.89546882334133016       0.90531976889468002       0.90521606474069594       0.87713112832836593       0.94421408858900069       0.96349744437729079       0.77667511619682794       0.91750383585757656       0.94960750470651945       0.91257230577086246     
  0.82065818781494404       0.75235547549941195       0.91184732037812499       0.90648386670293191        1.0349689206562991       0.80275511517253118       0.92400562360223171       0.69725190438437068       0.67855642528444482       0.75455196392051938     
  0.91327023670894825       0.92156287480630950       0.92093874910844020       0.89169213786049761       0.95377493585110629       0.96806317036970091       0.78751752415913012       0.92676933643220982       0.95794110876983229       0.92633299563854865     
  0.73753578017520272       0.83320519460467246       0.81185654923872375       0.74017714560474090       0.77352456476844167       0.70015973661503961       0.72994530770249588       0.67144437376753896       0.66174505841825704       0.68115709994708729     
  0.93127501141925650       0.93749127865187976       0.93729857641720982       0.90775666065251259       0.96328827947919360       0.97263198006477358       0.79889803197864717       0.93707754329139958       0.96620245224189205       0.93930430256054209     
  0.82004753560457222       0.83362618513439080       0.75747813539414455       0.64909409979753596       0.67334349519850289       0.79025572354530071       0.65100586240624914       0.58370809730450457       0.69561074211588736       0.66185537430240271     
  0.95130889684112152       0.95285458737471385       0.95438978527372731       0.92569882552650906       0.97209956210980808       0.97747982895558461       0.81540364934565690       0.94860554505456307       0.97413589950478052       0.95273133417441946     
  0.94325267878457886       0.59510805334204231       0.79358372505111030       0.68350779756329905       0.77949293026418232       0.83985312268525747       0.85797978890100712       0.82498610018012886       0.67894121941902685       0.64315702936524033     
  0.97011933847390508       0.96764825165809243       0.97086832074103302       0.94515929453397074       0.98163049613336018       0.98333151752747161       0.83520085334579230       0.96203578915717325       0.98207342600504510       0.96945841369637431     
  0.66963985069708509       0.69243272247696397       0.77499998483837484       0.82543905693823905       0.84348236641424101       0.90552858877582876        1.0195689277923048       0.77338968212926695       0.70501932458511607       0.91557358441445136     
  0.98528150793458391       0.98366610859939574       0.98546037960892341       0.96928178717702995       0.99118620857648931       0.99017608499854504       0.89559929744334876       0.98062417610924091       0.99125030581952878       0.98395511003377900     
  0.82347413437645900       0.85604383869684231       0.65055215032503233       0.94423664705141552       0.76744081614772997       0.84067401578290091        1.1132901061858504       0.69038498536587600       0.84128469688969765       0.87130532134608663     
   1.0000000000000000        1.0000000000000000        1.0000000000000000        1.0000000000000000        1.0000000000000000        1.0000000000000000        1.0000000000000000        1.0000000000000000        1.0000000000000000        1.0000000000000000     
  0.82071292864767031       0.70676463688337665       0.81245578254231443       0.61754573505614740       0.88492677936847908       0.63555696058893241       0.50282071948659601       0.64452672750884454       0.61780417831127343        1.2013536753958884     
   20.188722580906639        18.345988813510001        13.952936324464142        10.000550404450744        11.158367459143294        0.0000000000000000       -178.91337429012302        17.224325896452392        14.748342768849598        11.816003715688371     
   6.5595851407886565        10.363614894545844        13.357950358591870        16.315822862921525        16.230496994512606        0.0000000000000000        9.6706160695019712        14.402561562733833        14.607896808495001        9.4283825791192424     
   7.0415345523010009        6.4388878629180555        11.899656852193630        13.813523048939446        10.542018387456164        12.385596966848842        10.462145888604004        11.760951384599778        13.154978252434789        13.932866228032577     
   13.556207415239596        4.7685545987657516        11.431553996615571        12.113291450883212        13.003337360852168        12.378309337601811        12.810700903350142        10.287246550644891        14.870413033751571        13.288001933932588     
   12.548547018483099        7.6095766448425035        17.793687052106222        12.988841069006630        14.325575502070659        12.384522674742326        15.473836187666569        16.310844264294328        11.169350997426829        15.896335446147745     
   10.103166170599509        11.302041404718286        12.436059319424773        11.830794219264968        11.789273822454499        14.699748670431726        16.562883636112133        12.734244591846050        16.561205266470179        15.850899851048796     
   8.6462190291949597        9.4995274887330261        13.924810251820963        12.438640501280762        17.086017468780685        18.290880998116442        12.024832983564135        17.709723298428152        10.500525600812825        11.438899139535344     
   14.424013120961471        22.182178126501046        14.510325217727933        15.729797538464238        15.572374641838620        10.974951463323338        15.357371814629900        12.430904813777472        13.288378925333479        15.590769017378689     
   4.9282070802237471E-004
           1           1           1           1           1           1           1           1           1           1
   2.6728559338909646E-004   2.5733314491835000E-004   7.5947264873529446E-007   11.371119129683295        4.9941702777591296E-006   5.2816969051131011E-009
   3.5960324705992532E-006   3.6203485917641818E-006   2.6501865578443628E-007  0.12512076432798824        2.6493736650582242E-007   1.8493991683530744E-010
   5.0000000000000001E-003   15.579945066168699     
