   0.0000000000000000        0.0000000000000000        0.0000000000000000        0.0000000000000000        0.0000000000000000        0.0000000000000000        0.0000000000000000        0.0000000000000000        0.0000000000000000        0.0000000000000000     
  0.12129947654672803        3.4803305188634342E-003   9.9857409308656830E-003   1.6568430915878101E-002   1.7555206870865817E-002  0.32829761254427481       0.19109254558095820       0.10010937487890061        6.1942841984185544E-002   1.1854092247386101E-002
  0.94574762558783776        2.1298847947776944       0.92214436831242819       0.99574048190108866        1.0576355468032694       0.56800313584194462       0.77069158715617958        1.1309656040894609       0.96098232005999529       0.89787388848085936     
  0.19058486603207259        7.1442361803656044E-003   2.0920120930704191E-002   3.4020677192972089E-002   3.5258782070800784E-002  0.50754342687212384       0.26825851549393465       0.16771552409295676       0.12171608027706519        2.5201625028478565E-002
  0.86624111740881726        1.2123726607623933        1.0684595180735323        1.1552963797903399        1.1021858846425729        1.9191564299731245        1.3129293287084938        1.2785822017413626       0.98191889804444621       0.99010923939906803     
  0.23553940024122583        1.1381475065546338E-002   3.1697395968175016E-002   5.0919345412609861E-002   5.1726584590747665E-002  0.53092235660736575       0.30008511294095941       0.20745132766702426       0.17517963320277138        4.2623039161810039E-002
   1.3407412105369003       0.92490837164886786       0.99252881458993580        1.0594793115812597        1.3351752307805915        1.0728867960258290        1.1506387293534011        1.3374773749846731        1.4815187578105919        1.1085840141600662     
  0.27533861388142178        1.6617291219521699E-002   4.2273686445174742E-002   6.7753375444704472E-002   6.6947606446869257E-002  0.55361946347983026       0.32162316289526405       0.24255866497561232       0.21912043536425269        6.0018479937429120E-002
  0.89721185623792332       0.97234437529317774        1.1879685203176737        1.1103617611616090       0.98394930519024715        1.4724938071103195       0.94181578480638117        1.6284396020962828        1.3479998642180568        1.1751618513686581     
  0.31041727858250373        2.2983720122747506E-002   5.2334192487325924E-002   8.5175248810755472E-002   7.9385585952142318E-002  0.57420162078873604       0.33769684707055614       0.27405274132007573       0.25592625457648144        7.5824990969172446E-002
  0.90963884064043365        1.0632794525779063        1.2111000633607891        1.0288925362641150       0.84078979399031240        1.0534547009237498        1.0660801010850249        1.5156102490161134        1.0815797056252667        1.1212615784550111     
  0.34154119886589884        3.0168076243277546E-002   6.2356919519055296E-002  0.10333716414820471        9.4802364474822556E-002  0.59337751944011707       0.35366476476037534       0.29707580854120541       0.28701104389757520        9.1770208900513128E-002
   1.0316358298514630        1.1795339440349275       0.91894922016659197        1.1204047058915643       0.92544693079473717       0.89036072599893767       0.85866766660853022        1.1783104758024656        1.1168343004022134       0.91551162022379817     
  0.36890646842977748        3.7663635418332474E-002   7.2699212117474959E-002  0.11960119950934042       0.11250020152273595       0.60834483445279108       0.36986977650369202       0.31846651520254965       0.31439787538408120       0.10789292462986450     
   1.0862119255621598        1.0211549716933794        1.0257371415069452        1.0213446026322892        1.0970084368029009        1.3211285157992396        1.2255963292171177       0.85654713658353199        1.1047564494554436       0.95982967809918263     
  0.39142626915131268        4.5099811771295441E-002   8.4319191505988170E-002  0.13434386426934314       0.13095705594699750       0.62120365246062892       0.38321877951061234       0.33838539104105364       0.33992678981810937       0.12510558697465032     
  0.91349628656663107       0.96652884115366600        1.0610541952884867       0.89728944798177079        1.0667278374651428        1.1825792159577433       0.89354131650657920       0.97108270924668805       0.91261547253747710        1.0406246561504895     
  0.41243627327686461        5.2430809391399671E-002   9.6095572715726371E-002  0.15042374216713519       0.14852520186555285       0.63379532431747987       0.39640666833805127       0.35762283871482820       0.36426654448529644       0.14384356386681435     
  0.98102455935587018       0.75487727077737032       0.92519892936936776       0.96401978163418656        1.0215746782606967        1.2717947031315391       0.95005125972887716       0.97126189059313517        1.1711817817556727        1.2968562317255885     
  0.43208172269099576        5.9798286436115268E-002  0.10811748454879819       0.16786592693160593       0.16394654613589221       0.64593107089824608       0.40835131897818383       0.37821229947323898       0.38716774735400500       0.16167691869692080     
  0.92726569014182025       0.81546821710481465       0.95704781367567293        1.1946226670006268       0.96033189816807585        1.0621508960274755       0.96434941494108140        1.2209514704735231        1.0174828417734181        1.1460910463539440     
  0.45305972929021626        6.7757058098317766E-002  0.12022217079931273       0.18495397772795868       0.17740932361228201       0.65706192133284214       0.42050597884708013       0.40046398196739602       0.40715799202955816       0.17900406218394982     
   1.0495859275666399       0.76023645546627638       0.90040693920538717        1.2570728864678047       0.87785797396099563       0.85292184065456755       0.89823105453903596        1.2844708294556351        1.1663520748496405        1.2041112601315764     
  0.47350893101075586        7.6161070499112388E-002  0.13234581406755871       0.20210926787941316       0.19281779955432629       0.66797407638622586       0.43155662192555749       0.42145820482793572       0.42608858322179127       0.19590638123620560     
  0.89031552064478370       0.86802562777013059        1.0350004157281796        1.3247800072059055       0.81333526673431644        1.0984469103494690        1.3978385876528272        1.1841336919187693        1.0364703740128676        1.0339728581674132     
  0.49311334855289007        8.5198687730669229E-002  0.14448585112365436       0.21976704692490712       0.20755677204263742       0.67955632508268415       0.44270277469032371       0.44150912043282481       0.44479131614626588       0.21337638778345014     
   1.3379038177464566        1.0493759403059912        1.1066241267005890        1.3797680242035384       0.83779435744010788        1.0317807869350375        1.1687552461792095        1.3259636205478802        1.1387705825973293        1.0925794014184962     
  0.51175908345791532        9.6284973076452868E-002  0.15746336529048655       0.23595759772771663       0.22701814259515693       0.69004834453164865       0.45161145969995997       0.45974145319513737       0.46297576410601682       0.23073327902353377     
   1.0009449358849647       0.85754405416200674       0.99692144843175290        1.2168066699547819        1.2686213431350974        1.1785715137509363        1.0084604638466577        1.1909215645958584        1.0636142400974284        1.3716800297743745     
  0.52880720751788846       0.10895298699521221       0.17025012070877582       0.25155172483138050       0.24688731694446936       0.69955204419833927       0.45982010049120292       0.47486834328724226       0.47985717779553294       0.24720097085812848     
  0.84147673408666535        1.0075408452809873        1.0976236124145300       0.92693489488065062        1.4037510500926778       0.87948666537872444        1.0872098122620060        1.1717707585679977        1.2685116279596762        1.2427090524401327     
  0.54439488699615712       0.12313089687822028       0.18315868578763203       0.26500305774588334       0.26400863033265198       0.70867730561213726       0.46736467584605834       0.48860220867074183       0.49750348884769446       0.26310087772378177     
  0.92287574205918443        1.2633287105413853        1.0192311814806831       0.96835369480602784        1.0819820434479621        1.1238248195062626       0.77453947246671584        1.1239734782208937        1.1456606442983324        1.0130077527345704     
  0.55958572050420741       0.13813823931640851       0.19593909343143956       0.27843070002262310       0.27980631806702005       0.71789178886675509       0.47514797642280693       0.50242573186420736       0.51535383946180002       0.27689226597510336     
  0.79399783656830525        1.3565912204894008       0.97373478388952661       0.95592905495585234        1.1446445708846349        1.1455384653526446       0.84845251708608305        1.0666853772543323        1.1583706311096877        1.2181292012763143     
  0.57524831057819525       0.15496830804497180       0.20945462804666679       0.29342947763762517       0.29454412999033136       0.72742211763728049       0.48426252158039751       0.51520605559373811       0.53073815702221772       0.29115897601082874     
  0.88671398133202572       0.80243859640283244        1.1369244869409256        1.2542294585628653        1.0327083197481166        1.3277354808921402       0.95841939359104000        1.0780025209208106        1.0712539606885920        1.0602221231015654     
  0.59100604060520090       0.17125893575876269       0.22302019353372712       0.30967124232827226       0.30855579491607155       0.73642520577290038       0.49339866752905293       0.52589782115887096       0.54427577270143390       0.30669901649792136     
  0.99461330813536786        1.0252832338901261        1.0473899144713892       0.92114595722614157       0.81332100545771202       0.85834559124311582        1.1404882372499987       0.95303005085557113        1.3004173242908246       0.90080908952231631     
  0.60682780303881256       0.18565099165658425       0.23702280915067134       0.32622442292655157       0.32405132169143552       0.74570424453682971       0.50116525103493714       0.53623298186857360       0.55836014998128203       0.32438115777914650     
   1.1397631965872792       0.91583095395614733        1.1326351335844149       0.93253899351203795        1.0256483152048361        1.4527954682684792        1.0533537093765768       0.87289660233834121       0.97172057620930008       0.95392162759639976     
  0.62245221223690217       0.20093416560892766       0.25198477384982387       0.34347058477079950       0.33846761465848024       0.75426872257086330       0.50828874406801949       0.54629605891187982       0.57287347156627011       0.34094428565864443     
  0.95078239450396185        1.0069179956766436        1.1955625965161840        1.2292524779642926        1.0493596305056718        1.1661069291499480        1.0499541102223904        1.0664308065874839        1.0703105814912324        1.2470959159136237     
  0.63693746176436228       0.21890742812395408       0.26734283806996784       0.35966599603794308       0.35158808350267984       0.76260569796832212       0.51565055231225787       0.55796868260248089       0.58376574718020324       0.35671297717856248     
   1.0875888434258616       0.87869108619500513       0.81268708321393190       0.93508084321573182        1.0171461447529109       0.98551308456381448       0.86452743917568908       0.99555679551368603       0.86408767258735231        1.5312175983565857     
  0.65198546720819617       0.23808016048707065       0.28195042831626632       0.37602108645241705       0.36340429715752637       0.77029869501358916       0.52358181277126059       0.57010224516807950       0.59543692595699627       0.37182957257103239     
  0.95639074978882932        1.1791367338519789       0.91771891581971021        1.0655549117942222       0.89175065460958092        1.0447242470994880        1.0504351095482962       0.96459927877167684        1.1280346888518438       0.88694849178705715     
  0.66597270188361890       0.26109482608305240       0.29718976689440463       0.39315982085104945       0.37818588395094593       0.77756804237984478       0.53168874310722170       0.58196029721782050       0.60634730190468800       0.38605860299819472     
   1.1689476696577288        1.0503456520553756       0.83233537964593496        1.1467930809548823        1.1232206891693794        1.0990432446597440        1.1130703702231852       0.99959688503748612       0.98890790325160216       0.89394928531620266     
  0.67936395676683059       0.28293620548673665       0.31268527150991138       0.41056887440420142       0.39279198891835487       0.78382034433415593       0.53951990884141743       0.59381693403946967       0.61903660570572161       0.40178073905272738     
  0.93448653597235254        1.0797151094640760        1.0556122032701141        1.0899173746642328        1.3384038605457473       0.98086859261648751        1.0863258402826690        1.3749229313468760        1.1199315363906395        1.0446048347100545     
  0.69163328185900419       0.30369435958657975       0.32883629779094958       0.42621379357969580       0.40536518611662697       0.78979858625049837       0.54706064189023640       0.60476896620836973       0.63085239935596760       0.41761354436240478     
  0.87286836445664517        1.1194545514808336        1.3051308086804758       0.98520859468114852        1.1418631466137277       0.93730803876685576        1.1401687000863254       0.89491396347105667        1.1979681255570378        1.0851520528678700     
  0.70347023785758034       0.32477575895830263       0.34570899464847238       0.43920464371916856       0.41673752623179960       0.79516901865129308       0.55426001259912805       0.61511434133165377       0.64203333061992640       0.42969880832243640     
   1.1310010266309143        1.0656028172476919        1.2830439183898221       0.86788140901286159       0.85070783374366643        1.0549478262710168        1.1259234800264359       0.88976805207060461       0.93120766951310041       0.98964302252173175     
  0.71468229573714204       0.34692942756997902       0.36284505028593805       0.45141174214491897       0.42829205391858149       0.80083526161943486       0.56120507790207741       0.62534799677168074       0.65448233501985453       0.44204739066269649     
  0.82253098547327985        1.0366978390409596        1.0339950611238911       0.71835538316729441       0.80094928823273681        1.0811725405624779        1.0638018511954523       0.88728202095818187        1.1504146051081847       0.96895103568080077     
  0.72675315462097467       0.37149398551141932       0.38003393752354092       0.46400096099632909       0.44266132463498609       0.80658940461868767       0.56797132385954530       0.63528428260728231       0.66697784283440431       0.45570592762306700     
   1.0940661483961636        1.2821524192479306        1.0189437932346650       0.92451584418410826       0.93333885521419069        1.0609717572663526        1.1439999214526562       0.92037081970351309       0.82337176257891298        1.0156097250725526     
  0.73887355621151951       0.39386515898230179       0.39561115297318572       0.47749288515545568       0.45939533616286810       0.81264025963743824       0.57471668121102226       0.64630837289635656       0.68017961379474035       0.47070913793296254     
  0.90879662590972077       0.97382120219930690        1.2398394016348351        1.0667016185306135        1.0857638265752978       0.91718486574231994        1.0300381226424766        1.1365994808756408        1.2905154856124583        1.2497187724953100     
  0.75171143010744490       0.41945005807211366       0.41160146520855129       0.49181885848328810       0.47662191836227430       0.81904056462960451       0.58161127317887995       0.65690618258722178       0.69204324575096920       0.48743148107001227     
   1.1009867486966203        1.4059380617425543       0.97222304670059734       0.84695037406071039        1.4984938531274916        1.0824019479723765        1.2762664703761464        1.0858991620949443        1.0559672167119336        1.1573814854021625     
  0.76505994310423964       0.44576234995103847       0.43029927731087408       0.50702215749757973       0.49360151998738028       0.82453579826905010       0.58850632243537437       0.66769505854372990       0.70178286917236843       0.50585462559332817     
   1.1440912323358301        1.2470856252076326        1.3141189734816767        1.3994812837559796        1.0089312881739623        1.1844163860302379        1.0930169469415745        1.0369118378943187        1.0605716619524490        1.0729718506561432     
  0.77769844124245546       0.47108102286796300       0.44982730113975300       0.52459797491364257       0.51009120901713656       0.82940246171370813       0.59556506568588619       0.67777974844198263       0.71181303847925925       0.52396257081009190     
   1.3643866441849497        1.3215910194122300        1.1464655218032984        1.1498450335733776        1.0279257807714779        1.0017628256383690        1.0513146158641791        1.0721064626042764       0.77958835307851326       0.96493352180373360     
  0.78944412304230693       0.49528099995525154       0.46885116745623001       0.54229401546615785       0.52699169931230605       0.83453851904007192       0.60297000415935353       0.68702197025505052       0.72276207018226879       0.53985882872341939     
   1.0938852926597920        1.0918823178844812        1.1374270730101128        1.0820758022725581        1.1371732562603858        1.0045399661039327        1.0420360285699772       0.96518718491692967        1.1668864612933878        1.0914268585628217     
  0.80142935030366991       0.51840136390246216       0.48773740844987357       0.55942337884173809       0.54479705765355624       0.84013794467955760       0.61064231615875153       0.69743923580819900       0.73275535626884269       0.55411363993813212     
  0.93592334308069203        1.0307048728573642        1.2611696730734743        1.1257777281140493        1.2225464315256229       0.86641414638006575        1.1415437312755874        1.0247517063187734        1.0092857481234765       0.75609061646968223     
  0.81343284702745688       0.54183908829971328       0.50808086180612211       0.57627830131664259       0.56272830620020775       0.84569481185986983       0.61775491395283588       0.70738802370833187       0.74419319907250869       0.56735962388624184     
   1.0117261489451643        1.1509518770534979        1.5088004740457068        1.2002181332533870        1.3264621715456191        1.0473110508574921        1.3345012044941142        1.0086666196184557        1.0539376499982331        1.0273486701001342     
  0.82416652760065634       0.56344455721452213       0.52764356439851756       0.59326934025281841       0.57928359081644976       0.85106934049090299       0.62449203337275627       0.71815693747729425       0.75554021571771557       0.58164719800908993     
   1.2475730383657571       0.92386429716834861        1.0673321439000947       0.88200352708936969        1.1761886399761086       0.81769080682828499       0.95396883839124336        1.1249538384565607        1.1838976320803667       0.92525869100959468     
  0.83409312754658005       0.58428689800216849       0.54671261536850513       0.61078438587828543       0.59503117658842730       0.85634556057443256       0.63172113561318222       0.72944731522744699       0.76671832810773721       0.59752103322891181     
   1.1727933096529277       0.92684542958551819       0.90529748559196255        1.2171317333392349        1.1574358064992951        1.1680065355439144        1.1923218617102902        1.1655319431301792        1.3556649121913038        1.0435727147916996     
  0.84376305343967306       0.60623721064893099       0.56534345160344379       0.62713103121112379       0.61053301564262574       0.86180790437246890       0.63882325148795360       0.73915341427130665       0.77704932448485531       0.61333677892592919     
   1.2098053359030621        1.1504397514631444        1.0864800262239152        1.1265258172428259        1.1767570952603155        1.3250988087052367        1.0768701538855714        1.1132606967359280       0.99999267519201263        1.0657557130897153     
  0.85354404645192206       0.63058682320652859       0.58556005317118676       0.64329249939128774       0.62710808154880016       0.86750728638539754       0.64626675033641212       0.74704458436734045       0.78689385995202854       0.62967776230736761     
   1.0863631528502573        1.0848994721016798        1.2534059036686047        1.0460307423078039        1.1532633913799260        1.0720153987073859        1.0495719255257980       0.99345936107467592        1.0805005894840907        1.2408300391439802     
  0.86277963588421425       0.65546057030326366       0.60728643001087301       0.66000409951560723       0.64409178953921753       0.87289309963812056       0.65382665724118283       0.75541875524776292       0.79616899363240634       0.64579680021598707     
  0.99925333449554044       0.98129128177692737        1.1588982613041154        1.1386940979795728        1.4140163729085449        1.1741924757368745        1.2243685638108641        1.0298144876890700       0.91599187553863537        1.2070239368838880     
  0.87161311331662117       0.67904549984113660       0.62900480074262111       0.67588669176460237       0.66144207663092314       0.87775782558703930       0.66095236828723103       0.76443011261890581       0.80560658001365704       0.65968388528648925     
   1.0905855279442984       0.99523594408346094       0.83991005110670636        1.2991011576485569        1.1492468709254151       0.89862359868775676        1.3236695334545017        1.1507814772145815       0.96238817881789551       0.98561802878606808     
  0.88002810673691967       0.70362500887221535       0.64830285354346773       0.69179727576062688       0.67843640760804502       0.88206013489087409       0.66673236117842449       0.77307516903057349       0.81439786072038245       0.67453088206151479     
  0.82221332074277664       0.97482537941717107        1.3199207884182016       0.91526969574568917       0.94445971378972171       0.95706938151617527        1.0735395345397474       0.94548701112694267       0.93158396048316772        1.1745090722150298     
  0.88839964885397771       0.72907902104877143       0.66495269696639325       0.70778796896843776       0.69389177405985103       0.88607462620420330       0.67322448698299997       0.78175969450990634       0.82310127855331883       0.68984050169724087     
   1.1165387006781866        1.3809422157126956        1.0755381666231163        1.0089577061336201        1.0153702133693854       0.97154861908985768       0.94494669625369876       0.92633680320535816       0.95988339443976556        1.0242698651041324     
  0.89640595756226127       0.75201496392611278       0.68006367861252859       0.72333375796574750       0.70853520276544046       0.89075109713964917       0.67928341228619860       0.79051838210943737       0.83117169172477690       0.70648611215145507     
   1.0011228082986949        1.0979046446089533        1.0420552286143985        1.2226621147822503       0.97195301902463582       0.88534841560601052        1.2001399526392922        1.0788402701403572        1.2055955550401838        1.0841810547077473     
  0.90394122675743338       0.77208019969097774       0.69628320534328481       0.73827464891954298       0.72377158300264288       0.89639737128301156       0.68513319449818211       0.79951139152961515       0.84086300285178928       0.72366645410954489     
  0.96719885552562923        1.1455353220668156        1.1336363469875963        1.0348973072803118       0.87570589549184585        1.2676361541099352        1.0214451625678078        1.1057035690701460        1.1453302782525545        1.1933702416074783     
  0.91164881849579327       0.79030476757788060       0.71524930926121166       0.75299576004954860       0.73909718243479949       0.90204651855673501       0.69025277152147535       0.80940686506651438       0.84985704808362506       0.73874615269353416     
  0.91674589468864742       0.82063270827116241       0.90299041751632769        1.1375383647653250        1.1868907417420813        1.1961108058639998       0.98625739835851967        1.1607884819458179        1.0014380780923189       0.92360079086059022     
  0.91967009011067002       0.80891191416167696       0.73743336252981673       0.76773018246323732       0.75235077064875377       0.90714068719560847       0.69514892513332716       0.81996412296715060       0.85834445460162057       0.75147775665761918     
   1.2262711224882572        1.0823018836800227        1.2220892203966913        1.0545893895615408       0.86134855698310619        1.1088283208477869       0.83762041186553493        1.2856517496508539        1.2994207097487989       0.82525709248026902     
  0.92846907672107992       0.82826059510200134       0.75855392950382594       0.78293782869856365       0.76498847011135529       0.91204771590593459       0.70016762824353229       0.83092148058384452       0.86737288541007862       0.76394423290165181     
   1.3647954479824014        1.0390578007171480        1.2594986827889827        1.1923951728395992        1.1209896399582460       0.98295929971721629       0.85063608865609186        1.3343980974726082       0.91891033123853139       0.99018674304235443     
  0.93696162926490012       0.84575052238197324       0.77680246512557960       0.79887067894117203       0.77897655496297813       0.91712383124812769       0.70512364376717396       0.84137753590912356       0.87674522128174848       0.77789553302259851     
   1.2957859014018827       0.92154791353703791        1.0610707813417515        1.1473447892737891        1.0716259985864436       0.96614788459824141       0.87258872377535801        1.3505752431398266        1.0937622380719849        1.2176298243240697     
  0.94463564111923204       0.86226267877801632       0.79367833942223098       0.81429222078494112       0.79349814144385711       0.92214835194143163       0.71054369423446651       0.85068056370304812       0.88683132830797606       0.79522205795610379     
   1.2484314856620204        1.0712327441290186        1.3284844168960124        1.0801758329511859       0.93235570216626651        1.1134300432384734       0.82035684282730026        1.2172076316536562        1.2566685703927345        1.2846390394019094     
  0.95165541896710359       0.87715865979456653       0.81034388918162137       0.82821203516342590       0.80763069580965940       0.92710341161909293       0.71688128551808050       0.85931957559415062       0.89719290422186149       0.80957903244023244     
   1.3003728668842038       0.96757092880694018       0.99270242198691805        1.1783273600375379        1.2757107422808274        1.1489828366793136        1.1921996807765938        1.0291937775150859        1.2391182317874851        1.2092510917553658     
  0.95818302240075115       0.89098419691406061       0.82718440725091635       0.84212604639854649       0.82162927253269125       0.93173068116977598       0.72452323779173877       0.86800099502574701       0.90711091336904381       0.82203439564936087     
   1.0662524563532856        1.1035682786113725       0.99445059162251093        1.0598371743332087       0.92518425018886719        1.1090268266595149        1.1560251787406643       0.86361750554949657        1.1471769070934756       0.93910411666149740     
  0.96384941543672153       0.90455680091366431       0.84378654205260251       0.85532132270721217       0.83641895152777468       0.93632865279692545       0.73262838801497454       0.87676891787718458       0.91628823854252361       0.83580587363688819     
   1.1581053475787764        1.1640554627255608        1.1362195820063250        1.1245478127706623       0.97895291432953135        1.1842812680535910        1.0283530489213806       0.91620218799955122        1.2993589917470538       0.96044098457776472     
  0.96886132993138596       0.91744475135559023       0.86007045952540695       0.86792751186163497       0.85137087357733765       0.94095658386150327       0.74084191063272087       0.88601383913519516       0.92486813779263866       0.85136171196024812     
   1.0065395979021268        1.5364315433903548        1.0023804102448897       0.91686506841348059        1.0457217280235496       0.94202527173874839        1.0413141751881088       0.92876245959864290       0.97078929074935316        1.0254138048197385     
  0.97349511261988575       0.92922737271563971       0.87652296308512478       0.88061563147731492       0.86710979536463006       0.94594421417139740       0.74870225200125373       0.89626534869946817       0.93307168043459543       0.86970811086880184     
   1.0831647395576112        1.1856275228302890        1.2003681141777955       0.99967735226132715        1.1430175140620018        1.1652955411500663        1.1753667650119217        1.1864195416408763        1.0011115806259943        1.0887587169451374     
  0.97782348932223306       0.94031549211169430       0.89398195609565112       0.89764150914590091       0.88401251707082917       0.95095568716543510       0.75654961174713831       0.90686486560290558       0.94125037164243297       0.88827568863239503     
   1.3301471619956096        1.0680899161166744       0.94104942145683768        1.1261553536810944        1.4729520054330694       0.93984493722130080       0.91019495932974614        1.0676455924842672        1.1864379066024375        1.1558815169020835     
  0.98155623323840013       0.95006763191226218       0.91076873325344077       0.91274162657595848       0.90157614138558040       0.95589005608998923       0.76607169289844090       0.91722603446710604       0.94939516750206276       0.90563669735983432     
   1.0096324340815508       0.91367704078875644       0.94042096624917659        1.0374269742390683       0.81591692078688327        1.3367782043271244        1.0508165479532969        1.0755786398780742        1.1260330484080368        1.0436758827163457     
  0.98485672743936392       0.95909984180386176       0.92738932453344536       0.92804178458614117       0.91909684074691689       0.96096389025540818       0.77729502320803456       0.92761264872168747       0.95764464139089045       0.92195370424818601     
   1.0205135800187051        1.1109882263040531       0.81490532268234428       0.98108113425482235        1.4185230009112164       0.99685794384674398        1.4324684589774097       0.89530376508865273        1.0545475223193310        1.1759331868057075     
  0.98764658381261738       0.96836254373726438       0.94391693890574890       0.94315012802963072       0.93643922923728595       0.96619257092916455       0.79096529019766471       0.93984201327956618       0.96623920974387267       0.93796289520341403     
   1.3719836175308049       0.97152714826317998        1.2094910807551191       0.83121366654207496        1.0985981002984209       0.85491634752587020        1.2841044311315184        1.1640605531037238        1.1098605705581073       0.87210896665041759     
  0.99051451278091229       0.97617055380014939       0.95919378600343141       0.96011140631317127       0.95363504115639308       0.97165482353024324       0.80746926728412005       0.95349430812583014       0.97479745365388082       0.95155208075822639     
   1.1513503873125386        1.1901379998251851        1.1670050484431580        1.2153654824517708        1.1284088951817166       0.89260969714914473        1.3312681280425824        1.1174907128814229       0.84651315017659223       0.98617805127602098     
  0.99350789178635657       0.98502864362664022       0.97315027751365757       0.97694954699618342       0.96999067491066393       0.97729143007966479       0.82972993068313616       0.96791097923496638       0.98326373006330814       0.96632270789159780     
   1.2111414056447614        1.2062280433332524       0.98279229900916154        1.3155853197505054        1.1924449933906431        1.2746522460453726        1.2205908422244609       0.77262768965935502       0.88294456094991292        1.1072725631051754     
  0.99686004365972813       0.99256727508592035       0.98672212451600894       0.98946460499683242       0.98514469512731473       0.98690316213962914       0.87323362075338551       0.98396826815612493       0.99150676928182857       0.98398889674720680     
   1.5870719840272216        1.1132060280474410       0.87729931420819596       0.94557180111652706        1.0471492549396415        1.3998048762651962        1.3881258878228646       0.77895886964102812       0.68861021449070814        1.0849327555851749     
   1.0000000000000000        1.0000000000000000        1.0000000000000000        1.0000000000000000        1.0000000000000000        1.0000000000000000        1.0000000000000000        1.0000000000000000        1.0000000000000000        1.0000000000000000     
   1.6154084850358048        1.1891137615928657        1.0731213222806912       0.96775713456951251        1.0639889216756406       0.80534056633729201        1.1512211236993242       0.61260587273429001       0.78327337654978957        1.1245841951997615     
   4.0394595267778071        19.342706636898964        15.045482462124104        11.635128384802259        14.133166368733630        0.0000000000000000        10.081003940782008        9.6223979079821884        12.155780937307346        11.427316408860346     
   4.6726937193965883        9.2830199549930885        16.553222918001811        8.8436596403902552        8.4373845195361081        0.0000000000000000        10.279565340959724        7.8855607313129070        9.1096801423385703        11.609997771642725     
   12.078710972211217        8.6278950250698507        8.8514323812412332        11.304594416726284        18.808418535359095        11.313198972576323        9.5804710221834153        24.236226701205236        15.743726809688791        13.231734343684973     
   20.481324317684376        5.4987266029987056        20.436272748260770        11.680798282116655        11.546280309785377        11.865470560303200        11.520514633029894        12.853102101437790        9.1617976240578987        8.8874990840621031     
   14.928938773101160        5.1433843814486897        6.2001284749386008        20.884446110390254        13.140118054991337        12.165982669933943        19.984399099471023        12.474252067176097        15.949538963719279        9.6253694331376352     
   11.351572541417557        6.3533059598983614        5.5071500404468949        10.908852108141247        14.332732961045027        12.355787254330110        12.024190422607045        10.237804202346663        14.152692690474597        15.061516456189405     
   12.542616847395676        3.4796169112697535        6.4016301913852107        11.484225359887592        10.058805465937386        13.899176898364464        10.727463663635397        11.926640107433087        8.6402714023309191        19.475855738472969     
   14.253125345266668        17.805068726920162        13.906148826544539        13.295583554028729        13.338298709495195        15.061140434244239        6.9392888468262726        14.945674897079360        16.151058095491383        8.8827725174956029     
   1.4010164455859090E-002
           1           1           1           1           1           1           1           1           1           1
   3.4050015726238229E-003   3.2541780857703656E-003  -1.0417565434336537E-006   10.243711236965286        8.0753564591809263E-005   8.9812019632457505E-008
   1.5506992167336790E-005   1.5681256467202318E-005   2.6015199661300244E-006   5.5118248227555934E-002   2.6009795028257319E-006   1.7631011890306063E-009
   5.7198868096728092E-003   14.416738478912688     
