
[ParticleListDrawer] analysing particle collection genParticles
 idx  |    ID -       Name |Stat|  Mo1  Mo2  Da1  Da2 |nMo nDa|    pt       eta     phi   |     px         py         pz        m     |
    0 |  2212 -         p+ |  4 |   -1   -1   90  119 |  0  4 |   0.000  29256.000  0.000 |      0.000      0.000   6500.000    0.938 |
    1 |  2212 -         p+ |  4 |   -1   -1   91  121 |  0  3 |   0.000 -29256.000  0.000 |      0.000      0.000  -6500.000    0.938 |
    2 |     3 -          s | 21 |    8    8    4    7 |  1  4 |   0.000  22923.248  0.000 |      0.000      0.000    167.248    0.000 |
    3 |    -4 -       cbar | 21 |    9    9    4    7 |  1  4 |   0.000 -23109.705  0.000 |      0.000      0.000   -353.705    0.000 |
    4 |   -24 -         W- | 22 |    2    3   10   10 |  2  1 |  15.609      2.450  1.183 |      5.907     14.448     89.780   53.124 |
    5 |    23 -         Z0 | 22 |    2    3   11   11 |  2  1 |  49.618     -1.742  1.344 |     11.172     48.344   -137.258   87.362 |
    6 |    22 -      gamma | 23 |    2    3   12   12 |  2  1 |  84.887      0.208 -1.649 |     -6.630    -84.627     17.801   -0.000 |
    7 |    21 -          g | 23 |    2    3   13   13 |  2  1 |  24.207     -2.567  2.017 |    -10.449     21.836   -156.780    0.000 |
    8 |     3 -          s | 42 |   15   15    2    2 |  1  1 |   0.000     36.538 -1.226 |      0.000     -0.000    167.247    0.000 |
    9 |    21 -          g | 41 |   16   16    3   14 |  1  2 |   0.000    -37.553  1.925 |     -0.000      0.000   -443.888    0.000 |
   10 |   -24 -         W- | 44 |    4    4   17   17 |  1  1 |  15.473      2.456  1.175 |      5.969     14.275     89.490   53.124 |
   11 |    23 -         Z0 | 44 |    5    5   18   18 |  1  1 |  46.625     -1.805  1.302 |     12.385     44.950   -137.977   87.362 |
   12 |    22 -      gamma | 44 |    6    6   19   19 |  1  1 |  85.625      0.215 -1.645 |     -6.358    -85.389     18.584    0.000 |
   13 |    21 -          g | 44 |    7    7   20   20 |  1  1 |  20.532     -2.733  2.036 |     -9.204     18.353   -157.275    0.000 |
   14 |     4 -          c | 43 |    9    9   21   21 |  1  1 |   8.295     -3.073  1.914 |     -2.793      7.811    -89.462    1.500 |
   15 |     3 -          s | 42 |   35   35    8    8 |  1  1 |   0.000     34.737 -2.411 |     -0.000     -0.000    167.247   -0.000 |
   16 |    21 -          g | 41 |   34   34    9   22 |  1  2 |   0.000    -36.751  0.719 |      0.000      0.000  -1256.125   -0.000 |
   17 |   -24 -         W- | 44 |   10   10   37   37 |  1  1 |  15.578      2.450  1.171 |      6.057     14.353     89.570   53.124 |
   18 |    23 -         Z0 | 44 |   11   11   38   38 |  1  1 |  48.567     -1.765  1.276 |     14.092     46.478   -137.715   87.362 |
   19 |    22 -      gamma | 44 |   12   12   39   39 |  1  1 |  85.256      0.211 -1.641 |     -5.975    -85.046     18.107    0.000 |
   20 |    21 -          g | 44 |   13   13   32   33 |  1  2 |  21.269     -2.698  1.929 |     -7.452     19.921   -157.262    0.000 |
   21 |     4 -          c | 44 |   14   14   25   25 |  1  1 |   8.885     -3.005  1.775 |     -1.798      8.701    -89.455    1.500 |
   22 |    21 -          g | 43 |   16   16   23   24 |  1  2 |   6.608     -5.505 -2.412 |     -4.923     -4.407   -812.124   -0.000 |
   23 |    21 -          g | 51 |   22   22   29   30 |  1  2 |   2.019     -6.310 -1.713 |     -0.287     -1.999   -555.080    0.000 |
   24 |    21 -          g | 51 |   22   22   28   28 |  1  1 |   5.106     -4.631 -2.761 |     -4.741     -1.896   -262.014   -0.000 |
   25 |     4 -          c | 52 |   21   21   26   27 |  1  2 |   8.363     -3.008  1.775 |     -1.694      8.189    -84.485    1.500 |
   26 |     4 -          c | 51 |   25   25   41   41 |  1  1 |   4.393     -2.628  1.797 |     -0.983      4.282    -30.252    1.500 |
   27 |    21 -          g | 51 |   25   25   44   44 |  1  1 |   3.892     -3.888  1.952 |     -1.448      3.613    -94.942    0.000 |
   28 |    21 -          g | 52 |   24   24   31   31 |  1  1 |   4.313     -4.631 -2.761 |     -4.004     -1.602   -221.305   -0.000 |
   29 |    21 -          g | 51 |   23   23   42   42 |  1  1 |   3.747     -5.749 -1.907 |     -1.237     -3.537   -588.272    0.000 |
   30 |    21 -          g | 51 |   23   23   45   45 |  1  1 |   1.173     -4.717  2.365 |     -0.837      0.823    -65.595   -0.000 |
   31 |    21 -          g | 52 |   28   28   43   43 |  1  1 |   2.387     -4.631 -2.761 |     -2.217     -0.887   -122.517   -0.000 |
   32 |    21 -          g | 51 |   20   20   40   40 |  1  1 |  14.570     -2.675  1.824 |     -3.656     14.104   -105.229   -0.000 |
   33 |    21 -          g | 51 |   20   20   46   46 |  1  1 |   6.946     -2.787  2.149 |     -3.796      5.817    -56.167   -0.000 |
   34 |    21 -          g | 53 |   36   36   16   16 |  1  1 |   0.000    -35.556  0.409 |      0.000      0.000  -1260.262   -0.000 |
   35 |     3 -          s | 41 |   89   89   15   47 |  1  2 |   0.000     43.965 -1.571 |     -0.000     -0.000    172.185    0.000 |
   36 |    21 -          g | 42 |   91   91   34   34 |  1  1 |   0.000    -43.846  2.897 |     -0.000      0.000  -1260.260    0.000 |
   37 |   -24 -         W- | 44 |   17   17   87   88 |  1  2 |  15.669      2.444  1.127 |      6.722     14.154     89.569   53.124 |
   38 |    23 -         Z0 | 44 |   18   18   93   93 |  1  1 |  48.568     -1.765  1.274 |     14.203     46.445   -137.706   87.362 |
   39 |    22 -      gamma | 44 |   19   19   94   94 |  1  1 |  85.338      0.210 -1.637 |     -5.616    -85.153     18.046    0.000 |
   40 |    21 -          g | 44 |   32   32   48   49 |  1  2 |  14.568     -2.675  1.824 |     -3.652     14.103   -105.196    0.000 |
   41 |     4 -          c | 44 |   26   26   54   55 |  1  2 |   4.393     -2.628  1.796 |     -0.982      4.281    -30.243    1.500 |
   42 |    21 -          g | 44 |   29   29   51   52 |  1  2 |   3.747     -5.749 -1.907 |     -1.237     -3.537   -588.237    0.000 |
   43 |    21 -          g | 44 |   31   31   78   79 |  1  2 |   2.387     -4.631 -2.761 |     -2.217     -0.887   -122.503    0.000 |
   44 |    21 -          g | 44 |   27   27   56   56 |  1  1 |   3.892     -3.888  1.952 |     -1.447      3.613    -94.927    0.000 |
   45 |    21 -          g | 44 |   30   30   53   53 |  1  1 |   1.173     -4.717  2.364 |     -0.837      0.823    -65.588    0.000 |
   46 |    21 -          g | 44 |   33   33   50   50 |  1  1 |   6.945     -2.787  2.149 |     -3.795      5.817    -56.145    0.000 |
   47 |    21 -          g | 43 |   35   35   59   59 |  1  1 |   1.191      2.113  2.851 |     -1.142      0.341      4.855   -0.000 |
   48 |    21 -          g | 51 |   40   40   57   58 |  1  2 |  13.776     -2.742  1.864 |     -3.980     13.189   -106.417    0.000 |
   49 |    21 -          g | 51 |   40   40   62   62 |  1  1 |   2.839     -2.437  1.873 |     -0.844      2.711    -16.118   -0.000 |
   50 |    21 -          g | 52 |   46   46  101  101 |  1  1 |   4.800     -2.787  2.149 |     -2.623      4.020    -38.806   -0.000 |
   51 |    21 -          g | 51 |   42   42   68   68 |  1  1 |   2.185     -6.046 -1.797 |     -0.491     -2.129   -461.221   -0.000 |
   52 |    21 -          g | 51 |   42   42   65   65 |  1  1 |   1.547     -5.189 -2.188 |     -0.895     -1.262   -138.687    0.000 |
   53 |    21 -          g | 52 |   45   45   63   64 |  1  2 |   0.965     -4.717  2.364 |     -0.688      0.676    -53.915    0.000 |
   54 |     4 -          c | 51 |   41   41   96   96 |  1  1 |   3.995     -2.604  1.866 |     -1.162      3.822    -26.863    1.500 |
   55 |    21 -          g | 51 |   41   41  105  105 |  1  1 |   0.903     -3.507  1.568 |      0.002      0.903    -15.055    0.000 |
   56 |    21 -          g | 52 |   44   44   80   80 |  1  1 |   3.413     -3.888  1.952 |     -1.269      3.168    -83.252   -0.000 |
   57 |    21 -          g | 51 |   48   48   60   61 |  1  2 |  12.906     -2.786  1.891 |     -4.058     12.252   -104.216    0.000 |
   58 |    21 -          g | 51 |   48   48   69   70 |  1  2 |   0.943     -1.562  1.501 |      0.066      0.941     -2.148    0.000 |
   59 |    21 -          g | 52 |   47   47   71   71 |  1  1 |   1.179      2.113  2.851 |     -1.129      0.337      4.803    0.000 |
   60 |    21 -          g | 51 |   57   57   72   73 |  1  2 |   8.563     -2.774  1.966 |     -3.296      7.903    -68.337   -0.000 |
   61 |    21 -          g | 51 |   57   57  107  107 |  1  1 |   5.610     -2.727  1.772 |     -1.120      5.497    -42.707    0.000 |
   62 |    21 -          g | 52 |   49   49  103  103 |  1  1 |   1.636     -2.437  1.873 |     -0.486      1.562     -9.290   -0.000 |
   63 |    21 -          g | 51 |   53   53  100  100 |  1  1 |   0.694     -5.308  2.066 |     -0.330      0.611    -70.093    0.000 |
   64 |    21 -          g | 51 |   53   53  108  108 |  1  1 |   0.894     -4.602 -2.566 |     -0.750     -0.487    -44.565    0.000 |
   65 |    21 -          g | 52 |   52   52   66   67 |  1  2 |   0.869     -5.189 -2.188 |     -0.503     -0.709    -77.945   -0.000 |
   66 |    21 -          g | 51 |   65   65  104  104 |  1  1 |   1.335     -5.368 -1.715 |     -0.192     -1.322   -143.142    0.000 |
   67 |    21 -          g | 51 |   65   65  109  109 |  1  1 |   1.352     -6.147 -2.130 |     -0.717     -1.146   -315.859   -0.000 |
   68 |    21 -          g | 52 |   51   51   97   97 |  1  1 |   0.380     -6.046 -1.797 |     -0.085     -0.370    -80.166   -0.000 |
   69 |    21 -          g | 51 |   58   58   74   74 |  1  1 |   0.781     -1.494  2.285 |     -0.511      0.591     -1.652    0.000 |
   70 |    21 -          g | 51 |   58   58   77   77 |  1  1 |   0.645     -0.460  0.599 |      0.533      0.363     -0.307    0.000 |
   71 |    21 -          g | 52 |   59   59   75   76 |  1  2 |   1.132      2.113  2.851 |     -1.085      0.324      4.614    0.000 |
   72 |    21 -          g | 51 |   60   60   95   95 |  1  1 |   6.666     -2.839  1.953 |     -2.484      6.186    -56.796    0.000 |
   73 |    21 -          g | 51 |   60   60  111  111 |  1  1 |   2.009     -2.469  2.028 |     -0.887      1.803    -11.782    0.000 |
   74 |    21 -          g | 52 |   69   69  106  106 |  1  1 |   0.667     -1.494  2.285 |     -0.437      0.504     -1.411   -0.000 |
   75 |    21 -          g | 51 |   71   71  102  102 |  1  1 |   0.621      1.987  1.855 |     -0.174      0.596      2.224    0.000 |
   76 |    21 -          g | 51 |   71   71   86   86 |  1  1 |   0.885      1.706 -2.874 |     -0.854     -0.234      2.356    0.000 |
   77 |    21 -          g | 52 |   70   70   84   85 |  1  2 |   0.576     -0.460  0.599 |      0.476      0.325     -0.274   -0.000 |
   78 |    21 -          g | 51 |   43   43   98   98 |  1  1 |   0.853     -4.220 -2.355 |     -0.603     -0.604    -29.017    0.000 |
   79 |    21 -          g | 51 |   43   43   83   83 |  1  1 |   1.686     -4.756 -3.076 |     -1.683     -0.111    -97.996   -0.000 |
   80 |    21 -          g | 52 |   56   56   81   82 |  1  2 |   3.228     -3.888  1.952 |     -1.201      2.997    -78.743    0.000 |
   81 |    21 -          g | 51 |   80   80   99   99 |  1  1 |   2.840     -3.783  1.998 |     -1.176      2.585    -62.392   -0.000 |
   82 |    21 -          g | 51 |   80   80  114  114 |  1  1 |   0.484     -4.860  2.189 |     -0.281      0.395    -31.244   -0.000 |
   83 |    21 -          g | 52 |   79   79  113  113 |  1  1 |   1.430     -4.756 -3.076 |     -1.427     -0.094    -83.102    0.000 |
   84 |    21 -          g | 51 |   77   77  110  110 |  1  1 |   0.780      0.239  0.617 |      0.637      0.451      0.188   -0.000 |
   85 |    21 -          g | 51 |   77   77  115  115 |  1  1 |   0.396      0.171 -2.671 |     -0.353     -0.180      0.068    0.000 |
   86 |    21 -          g | 52 |   76   76  112  112 |  1  1 |   0.686      1.706 -2.874 |     -0.662     -0.181      1.826    0.000 |
   87 |   -24 -         W- | 51 |   37   37   92   92 |  1  1 |  15.659      2.445  1.128 |      6.714     14.147     89.575   53.124 |
   88 |    22 -      gamma | 51 |   37   37  116  116 |  1  1 |   0.010      1.474  0.781 |      0.007      0.007      0.021   -0.000 |
   89 |     3 -          s | 53 |   90   90   35   35 |  1  1 |   0.000     43.272 -1.571 |     -0.000     -0.000    172.212    0.000 |
   90 |     3 -          s | 61 |    0    0   89   89 |  1  1 |   2.679      4.856  1.981 |     -1.068      2.457    172.202   -0.000 |
   91 |    21 -          g | 61 |    1    1   36   36 |  1  1 |   1.935     -7.172 -2.552 |     -1.608     -1.075  -1260.255   -0.000 |
   92 |   -24 -         W- | 62 |   87   87  122  123 |  1  2 |  16.685      2.381  1.197 |      6.100     15.531     89.479   53.124 |
   93 |    23 -         Z0 | 62 |   38   38  124  125 |  1  2 |  48.577     -1.767  1.280 |     13.905     46.545   -138.023   87.362 |
   94 |    22 -      gamma |  1 |   39   39   -1   -1 |  1  0 |  84.643      0.219 -1.642 |     -5.986    -84.431     18.673    0.000 |
   95 |    21 -          g | 62 |   72   72  166  166 |  1  1 |   6.652     -2.842  1.965 |     -2.558      6.140    -56.849   -0.000 |
   96 |     4 -          c | 62 |   54   54  132  132 |  1  1 |   3.986     -2.608  1.876 |     -1.198      3.802    -26.895    1.500 |
   97 |    21 -          g | 62 |   68   68  129  129 |  1  1 |   0.477     -5.818 -1.975 |     -0.188     -0.438    -80.163   -0.000 |
   98 |    21 -          g | 62 |   78   78  137  137 |  1  1 |   0.897     -4.170 -2.365 |     -0.640     -0.629    -29.014   -0.000 |
   99 |    21 -          g | 62 |   81   81  134  134 |  1  1 |   2.827     -3.788  2.031 |     -1.256      2.532    -62.414   -0.000 |
  100 |    21 -          g | 62 |   63   63  138  138 |  1  1 |   0.692     -5.311  2.221 |     -0.419      0.551    -70.098   -0.000 |
  101 |    21 -          g | 62 |   50   50  163  163 |  1  1 |   4.802     -2.787  2.161 |     -2.673      3.989    -38.843   -0.000 |
  102 |    21 -          g | 62 |   75   75  172  172 |  1  1 |   0.656      1.933  1.862 |     -0.188      0.629      2.219   -0.000 |
  103 |    21 -          g | 62 |   62   62  164  164 |  1  1 |   1.633     -2.440  1.881 |     -0.499      1.555     -9.303   -0.000 |
  104 |    21 -          g | 62 |   66   66  140  140 |  1  1 |   1.491     -5.257 -1.824 |     -0.374     -1.444   -143.132   -0.000 |
  105 |    21 -          g | 62 |   55   55  133  133 |  1  1 |   0.891     -3.522  1.590 |     -0.017      0.891    -15.062   -0.000 |
  106 |    21 -          g | 62 |   74   74  168  168 |  1  1 |   0.669     -1.495  2.287 |     -0.439      0.504     -1.416   -0.000 |
  107 |    21 -          g | 62 |   61   61  165  165 |  1  1 |   5.588     -2.732  1.783 |     -1.176      5.463    -42.752   -0.000 |
  108 |    21 -          g | 62 |   64   64  139  139 |  1  1 |   0.963     -4.528 -2.565 |     -0.807     -0.525    -44.563   -0.000 |
  109 |    21 -          g | 62 |   67   67  129  129 |  1  1 |   1.805     -5.858 -2.240 |     -1.120     -1.415   -315.851   -0.000 |
  110 |    21 -          g | 62 |   84   84  169  169 |  1  1 |   0.782      0.236  0.626 |      0.633      0.458      0.187   -0.000 |
  111 |    21 -          g | 62 |   73   73  167  167 |  1  1 |   2.008     -2.471  2.037 |     -0.902      1.794    -11.798   -0.000 |
  112 |    21 -          g | 62 |   86   86  171  171 |  1  1 |   0.691      1.699 -2.916 |     -0.673     -0.154      1.825   -0.000 |
  113 |    21 -          g | 62 |   83   83  136  136 |  1  1 |   1.542     -4.680 -3.034 |     -1.533     -0.165    -83.105   -0.000 |
  114 |    21 -          g | 62 |   82   82  135  135 |  1  1 |   0.488     -4.852  2.287 |     -0.321      0.368    -31.248   -0.000 |
  115 |    21 -          g | 62 |   85   85  170  170 |  1  1 |   0.396      0.172 -2.680 |     -0.355     -0.176      0.069   -0.000 |
  116 |    22 -      gamma |  1 |   88   88   -1   -1 |  1  0 |   0.010      1.461  0.812 |      0.007      0.008      0.021   -0.000 |
  117 |  2101 -       ud_0 | 63 |    0    0  173  173 |  1  1 |   1.096      9.337 -1.294 |      0.300     -1.054   6224.491    0.579 |
  118 |     2 -          u | 63 |    0    0  130  131 |  1  2 |   1.053      3.701 -1.266 |      0.316     -1.005     21.314    0.330 |
  119 |    -3 -       sbar | 63 |    0    0  130  131 |  1  2 |   0.603      5.605 -0.722 |      0.453     -0.398     81.962    0.500 |
  120 |  2103 -       ud_1 | 63 |    1    1  142  142 |  1  1 |   1.055     -9.038  0.443 |      0.953      0.452  -4436.249    0.771 |
  121 |     2 -          u | 63 |    1    1  162  162 |  1  1 |   0.905     -7.482  0.760 |      0.656      0.623   -803.469    0.330 |
  122 |    15 -       tau- |  2 |   92   92  252  253 |  1  2 |  20.287      0.417  0.061 |     20.249      1.235      8.701    1.777 |
  123 |   -16 -  nu_taubar |  1 |   92   92   -1   -1 |  1  0 |  20.114      2.099  2.351 |    -14.149     14.295     80.778    0.000 |
  124 |   -15 -       tau+ | 23 |   93   93  126  127 |  1  2 |  70.243     -1.293  1.029 |     36.242     60.171   -118.336    1.777 |
  125 |    15 -       tau- | 23 |   93   93  128  128 |  1  1 |  26.165     -0.695 -2.594 |    -22.337    -13.627    -19.687    1.777 |
  126 |   -15 -       tau+ |  2 |  124  124  258  261 |  1  4 |  70.243     -1.293  1.029 |     36.242     60.171   -118.336    1.777 |
  127 |    22 -      gamma |  1 |  124  124   -1   -1 |  1  0 |   0.000     -1.408  1.432 |      0.000      0.000     -0.000   -0.000 |
  128 |    15 -       tau- |  2 |  125  125  254  257 |  1  4 |  26.165     -0.695 -2.594 |    -22.337    -13.627    -19.687    1.777 |
  129 |    21 -          g | 73 |   97  109  141  141 |  2  1 |   2.269     -5.855 -2.185 |     -1.308     -1.854   -396.014    0.248 |
  130 |   211 -        pi+ |  1 |  118  119   -1   -1 |  2  0 |   0.766      3.474 -1.700 |     -0.099     -0.760     12.349    0.140 |
  131 |   311 -         K0 |  2 |  118  119  210  210 |  2  1 |   1.080      5.126 -0.638 |      0.867     -0.643     90.927    0.498 |
  132 |     4 -          c | 71 |   96   96  143  161 |  1 19 |   3.986     -2.608  1.876 |     -1.198      3.802    -26.895    1.500 |
  133 |    21 -          g | 71 |  105  105  143  161 |  1 19 |   0.891     -3.522  1.590 |     -0.017      0.891    -15.062   -0.000 |
  134 |    21 -          g | 71 |   99   99  143  161 |  1 19 |   2.827     -3.788  2.031 |     -1.256      2.532    -62.414   -0.000 |
  135 |    21 -          g | 71 |  114  114  143  161 |  1 19 |   0.488     -4.852  2.287 |     -0.321      0.368    -31.248   -0.000 |
  136 |    21 -          g | 71 |  113  113  143  161 |  1 19 |   1.542     -4.680 -3.034 |     -1.533     -0.165    -83.105   -0.000 |
  137 |    21 -          g | 71 |   98   98  143  161 |  1 19 |   0.897     -4.170 -2.365 |     -0.640     -0.629    -29.014   -0.000 |
  138 |    21 -          g | 71 |  100  100  143  161 |  1 19 |   0.692     -5.311  2.221 |     -0.419      0.551    -70.098   -0.000 |
  139 |    21 -          g | 71 |  108  108  143  161 |  1 19 |   0.963     -4.528 -2.565 |     -0.807     -0.525    -44.563   -0.000 |
  140 |    21 -          g | 71 |  104  104  143  161 |  1 19 |   1.491     -5.257 -1.824 |     -0.374     -1.444   -143.132   -0.000 |
  141 |    21 -          g | 71 |  129  129  143  161 |  1 19 |   2.269     -5.855 -2.185 |     -1.308     -1.854   -396.014    0.248 |
  142 |  2103 -       ud_1 | 71 |  120  120  143  161 |  1 19 |   1.055     -9.038  0.443 |      0.953      0.452  -4436.249    0.771 |
  143 |   421 -         D0 |  2 |  132  142  262  264 | 11  3 |   3.396     -2.908  1.776 |     -0.691      3.325    -31.005    1.865 |
  144 |   323 -        K*+ |  2 |  132  142  211  212 | 11  2 |   1.069     -3.458  2.259 |     -0.678      0.826    -16.958    0.844 |
  145 |  -311 -      Kbar0 |  2 |  132  142  213  213 | 11  1 |   1.159     -3.281  1.813 |     -0.278      1.125    -15.394    0.498 |
  146 |  1114 -     Delta- |  2 |  132  142  214  215 | 11  2 |   0.717     -4.541  2.836 |     -0.684      0.216    -33.631    1.294 |
  147 | -1114 -  Deltabar+ |  2 |  132  142  216  217 | 11  2 |   1.559     -4.100  2.279 |     -1.014      1.184    -47.027    1.259 |
  148 |  -213 -       rho- |  2 |  132  142  218  219 | 11  2 |   0.327     -5.135  2.713 |     -0.297      0.136    -27.752    0.757 |
  149 |   213 -       rho+ |  2 |  132  142  220  221 | 11  2 |   1.004     -4.907  2.694 |     -0.905      0.435    -67.941    0.715 |
  150 |  -211 -        pi- |  1 |  132  142   -1   -1 | 11  0 |   0.096     -5.730  1.662 |     -0.009      0.096    -14.778    0.140 |
  151 |   211 -        pi+ |  1 |  132  142   -1   -1 | 11  0 |   1.031     -4.461  2.909 |     -1.004      0.238    -44.630    0.140 |
  152 |  -211 -        pi- |  1 |  132  142   -1   -1 | 11  0 |   1.663     -5.092 -2.055 |     -0.774     -1.472   -135.285    0.140 |
  153 |   223 -      omega |  2 |  132  142  265  267 | 11  3 |   0.527     -6.319 -2.243 |     -0.328     -0.413   -146.427    0.781 |
  154 |   111 -        pi0 |  2 |  132  142  268  269 | 11  2 |   0.724     -5.115 -1.795 |     -0.161     -0.706    -60.283    0.135 |
  155 |   213 -       rho+ |  2 |  132  142  222  223 | 11  2 |   0.260     -6.382 -2.480 |     -0.205     -0.160    -76.720    0.531 |
  156 |   111 -        pi0 |  2 |  132  142  270  271 | 11  2 |   0.699     -5.520  3.114 |     -0.698      0.019    -87.201    0.135 |
  157 |   223 -      omega |  2 |  132  142  272  274 | 11  3 |   0.524     -7.421 -1.671 |     -0.052     -0.522   -437.896    0.792 |
  158 |  -213 -       rho- |  2 |  132  142  224  225 | 11  2 |   0.805     -7.221 -0.546 |      0.688     -0.417   -550.298    0.805 |
  159 |   213 -       rho+ |  2 |  132  142  226  227 | 11  2 |   0.509     -7.252  3.102 |     -0.509      0.020   -359.259    0.664 |
  160 |  1114 -     Delta- |  2 |  132  142  228  229 | 11  2 |   0.594     -9.016  0.540 |      0.509      0.305  -2444.108    1.244 |
  161 |   211 -        pi+ |  1 |  132  142   -1   -1 | 11  0 |   0.307     -8.482 -0.979 |      0.171     -0.255   -741.200    0.140 |
  162 |     2 -          u | 71 |  121  121  174  209 |  1 36 |   0.905     -7.482  0.760 |      0.656      0.623   -803.469    0.330 |
  163 |    21 -          g | 71 |  101  101  174  209 |  1 36 |   4.802     -2.787  2.161 |     -2.673      3.989    -38.843   -0.000 |
  164 |    21 -          g | 71 |  103  103  174  209 |  1 36 |   1.633     -2.440  1.881 |     -0.499      1.555     -9.303   -0.000 |
  165 |    21 -          g | 71 |  107  107  174  209 |  1 36 |   5.588     -2.732  1.783 |     -1.176      5.463    -42.752   -0.000 |
  166 |    21 -          g | 71 |   95   95  174  209 |  1 36 |   6.652     -2.842  1.965 |     -2.558      6.140    -56.849   -0.000 |
  167 |    21 -          g | 71 |  111  111  174  209 |  1 36 |   2.008     -2.471  2.037 |     -0.902      1.794    -11.798   -0.000 |
  168 |    21 -          g | 71 |  106  106  174  209 |  1 36 |   0.669     -1.495  2.287 |     -0.439      0.504     -1.416   -0.000 |
  169 |    21 -          g | 71 |  110  110  174  209 |  1 36 |   0.782      0.236  0.626 |      0.633      0.458      0.187   -0.000 |
  170 |    21 -          g | 71 |  115  115  174  209 |  1 36 |   0.396      0.172 -2.680 |     -0.355     -0.176      0.069   -0.000 |
  171 |    21 -          g | 71 |  112  112  174  209 |  1 36 |   0.691      1.699 -2.916 |     -0.673     -0.154      1.825   -0.000 |
  172 |    21 -          g | 71 |  102  102  174  209 |  1 36 |   0.656      1.933  1.862 |     -0.188      0.629      2.219   -0.000 |
  173 |  2101 -       ud_0 | 71 |  117  117  174  209 |  1 36 |   1.096      9.337 -1.294 |      0.300     -1.054   6224.491    0.579 |
  174 |   211 -        pi+ |  1 |  162  173   -1   -1 | 12  0 |   0.449     -6.661 -0.994 |      0.245     -0.377   -175.486    0.140 |
  175 |   113 -       rho0 |  2 |  162  173  230  231 | 12  2 |   0.744     -7.188  1.287 |      0.209      0.714   -492.427    0.735 |
  176 |   113 -       rho0 |  2 |  162  173  232  233 | 12  2 |   0.695     -5.610  1.280 |      0.199      0.666    -94.989    1.104 |
  177 |   113 -       rho0 |  2 |  162  173  234  235 | 12  2 |   0.336     -4.829 -1.871 |     -0.099     -0.321    -21.010    0.662 |
  178 |  -211 -        pi- |  1 |  162  173   -1   -1 | 12  0 |   0.640     -3.491  2.431 |     -0.485      0.418    -10.489    0.140 |
  179 |  2212 -         p+ |  1 |  162  173   -1   -1 | 12  0 |   1.095     -3.624  2.145 |     -0.595      0.919    -20.516    0.938 |
  180 | -2112 -      nbar0 |  1 |  162  173   -1   -1 | 12  0 |   1.957     -2.642  1.822 |     -0.487      1.895    -13.676    0.940 |
  181 |   311 -         K0 |  2 |  162  173  236  236 | 12  1 |   2.026     -3.004  1.870 |     -0.597      1.937    -20.385    0.498 |
  182 |  -311 -      Kbar0 |  2 |  162  173  237  237 | 12  1 |   3.358     -2.808  2.006 |     -1.417      3.045    -27.727    0.498 |
  183 |  -211 -        pi- |  1 |  162  173   -1   -1 | 12  0 |   1.043     -2.682  2.179 |     -0.596      0.856     -7.584    0.140 |
  184 |   211 -        pi+ |  1 |  162  173   -1   -1 | 12  0 |   0.740     -2.799  1.830 |     -0.190      0.715     -6.055    0.140 |
  185 |  -211 -        pi- |  1 |  162  173   -1   -1 | 12  0 |   2.994     -2.601  2.065 |     -1.420      2.635    -20.065    0.140 |
  186 |   211 -        pi+ |  1 |  162  173   -1   -1 | 12  0 |   1.595     -2.523  1.565 |      0.008      1.595     -9.875    0.140 |
  187 |  -213 -       rho- |  2 |  162  173  238  239 | 12  2 |   0.806     -2.884  2.227 |     -0.492      0.638     -7.180    0.509 |
  188 |   111 -        pi0 |  2 |  162  173  275  276 | 12  2 |   2.458     -2.727  1.741 |     -0.417      2.423    -18.715    0.135 |
  189 |   211 -        pi+ |  1 |  162  173   -1   -1 | 12  0 |   0.986     -3.094  2.200 |     -0.580      0.797    -10.863    0.140 |
  190 |  -211 -        pi- |  1 |  162  173   -1   -1 | 12  0 |   0.536     -0.884  0.847 |      0.355      0.402     -0.539    0.140 |
  191 |   111 -        pi0 |  2 |  162  173  277  278 | 12  2 |   1.021     -1.575  2.441 |     -0.780      0.658     -2.361    0.135 |
  192 |   111 -        pi0 |  2 |  162  173  279  280 | 12  2 |   0.160     -3.313  2.184 |     -0.092      0.131     -2.202    0.135 |
  193 |   323 -        K*+ |  2 |  162  173  240  241 | 12  2 |   0.371     -1.728  1.230 |      0.124      0.350     -1.011    0.803 |
  194 |  -323 -        K*- |  2 |  162  173  242  243 | 12  2 |   0.540     -1.159  3.031 |     -0.536      0.059     -0.775    0.995 |
  195 |   223 -      omega |  2 |  162  173  281  283 | 12  3 |   0.227      2.614 -0.818 |      0.155     -0.165      1.539    0.761 |
  196 |   111 -        pi0 |  2 |  162  173  284  285 | 12  2 |   0.128     -0.332 -2.622 |     -0.111     -0.064     -0.043    0.135 |
  197 |   223 -      omega |  2 |  162  173  286  288 | 12  3 |   0.926      1.536  1.847 |     -0.252      0.891      2.053    0.777 |
  198 |   211 -        pi+ |  1 |  162  173   -1   -1 | 12  0 |   0.145      2.108  0.627 |      0.117      0.085      0.586    0.140 |
  199 |  -211 -        pi- |  1 |  162  173   -1   -1 | 12  0 |   0.370      2.367 -2.327 |     -0.254     -0.269      1.958    0.140 |
  200 |   111 -        pi0 |  2 |  162  173  289  290 | 12  2 |   0.112      2.525 -2.908 |     -0.109     -0.026      0.694    0.135 |
  201 |   211 -        pi+ |  1 |  162  173   -1   -1 | 12  0 |   0.329      3.257 -0.083 |      0.328     -0.027      4.272    0.140 |
  202 |   113 -       rho0 |  2 |  162  173  244  245 | 12  2 |   0.617      3.189  2.998 |     -0.610      0.088      7.473    0.847 |
  203 |  -211 -        pi- |  1 |  162  173   -1   -1 | 12  0 |   0.507      3.892 -1.313 |      0.129     -0.491     12.424    0.140 |
  204 |   321 -         K+ |  1 |  162  173   -1   -1 | 12  0 |   0.287      4.058  1.262 |      0.087      0.274      8.315    0.494 |
  205 |  -313 -     K*bar0 |  2 |  162  173  246  247 | 12  2 |   0.282      8.481  2.064 |     -0.134      0.249    680.632    0.918 |
  206 |  -213 -       rho- |  2 |  162  173  248  249 | 12  2 |   0.348      7.998  1.811 |     -0.083      0.338    517.571    0.925 |
  207 |   111 -        pi0 |  2 |  162  173  291  292 | 12  2 |   1.019      7.941 -0.968 |      0.577     -0.840   1432.010    0.135 |
  208 |  2212 -         p+ |  1 |  162  173   -1   -1 | 12  0 |   0.410      9.563 -1.025 |      0.213     -0.350   2915.346    0.938 |
  209 |   111 -        pi0 |  2 |  162  173  293  294 | 12  2 |   0.296      8.376 -2.877 |     -0.286     -0.077    643.466    0.135 |
  210 |   310 -       K_S0 |  1 |  131  131   -1   -1 |  1  0 |   1.080      5.126 -0.638 |      0.867     -0.643     90.927    0.498 |
  211 |   311 -         K0 |  2 |  144  144  250  250 |  1  1 |   0.646     -3.627  2.568 |     -0.542      0.351    -12.126    0.498 |
  212 |   211 -        pi+ |  1 |  144  144   -1   -1 |  1  0 |   0.494     -2.975  1.850 |     -0.136      0.475     -4.832    0.140 |
  213 |   310 -       K_S0 |  1 |  145  145   -1   -1 |  1  0 |   1.159     -3.281  1.813 |     -0.278      1.125    -15.394    0.498 |
  214 |  2112 -         n0 |  1 |  146  146   -1   -1 |  1  0 |   0.558     -4.689  2.516 |     -0.452      0.326    -30.308    0.940 |
  215 |  -211 -        pi- |  1 |  146  146   -1   -1 |  1  0 |   0.257     -3.255 -2.696 |     -0.232     -0.111     -3.323    0.140 |
  216 | -2112 -      nbar0 |  1 |  147  147   -1   -1 |  1  0 |   1.195     -4.204  2.129 |     -0.633      1.014    -40.022    0.940 |
  217 |   211 -        pi+ |  1 |  147  147   -1   -1 |  1  0 |   0.417     -3.515  2.722 |     -0.381      0.170     -7.005    0.140 |
  218 |  -211 -        pi- |  1 |  148  148   -1   -1 |  1  0 |   0.518     -4.122  2.225 |     -0.315      0.411    -15.989    0.140 |
  219 |    22 -      gamma |  1 |  148  148   -1   -1 |  1  0 |   0.276     -4.445 -1.505 |      0.018     -0.275    -11.763   -0.000 |
  220 |   211 -        pi+ |  1 |  149  149   -1   -1 |  1  0 |   0.681     -4.385  3.009 |     -0.675      0.090    -27.317    0.140 |
  221 |   111 -        pi0 |  2 |  149  149  295  296 |  1  2 |   0.415     -5.278  2.159 |     -0.230      0.345    -40.624    0.135 |
  222 |   211 -        pi+ |  1 |  155  155   -1   -1 |  1  0 |   0.138     -5.769  1.477 |      0.013      0.137    -22.024    0.140 |
  223 |   111 -        pi0 |  2 |  155  155  297  298 |  1  2 |   0.368     -5.695 -2.204 |     -0.218     -0.297    -54.696    0.135 |
  224 |  -211 -        pi- |  1 |  158  158   -1   -1 |  1  0 |   0.421     -7.579 -1.081 |      0.198     -0.371   -411.626    0.140 |
  225 |   111 -        pi0 |  2 |  158  158  299  300 |  1  2 |   0.492     -6.335 -0.094 |      0.490     -0.046   -138.672    0.135 |
  226 |   211 -        pi+ |  1 |  159  159   -1   -1 |  1  0 |   0.529     -7.157  3.002 |     -0.524      0.074   -339.259    0.140 |
  227 |   111 -        pi0 |  2 |  159  159  301  302 |  1  2 |   0.056     -6.579 -1.296 |      0.015     -0.053    -20.000    0.135 |
  228 |  2112 -         n0 |  1 |  160  160   -1   -1 |  1  0 |   0.274     -9.281  0.497 |      0.240      0.130  -1467.702    0.940 |
  229 |  -211 -        pi- |  1 |  160  160   -1   -1 |  1  0 |   0.321     -8.715  0.576 |      0.269      0.175   -976.406    0.140 |
  230 |   211 -        pi+ |  1 |  175  175   -1   -1 |  1  0 |   0.174     -6.696 -0.419 |      0.159     -0.071    -70.582    0.140 |
  231 |  -211 -        pi- |  1 |  175  175   -1   -1 |  1  0 |   0.786     -6.978  1.508 |      0.049      0.785   -421.845    0.140 |
  232 |   211 -        pi+ |  1 |  176  176   -1   -1 |  1  0 |   0.929     -4.875  1.536 |      0.033      0.929    -60.872    0.140 |
  233 |  -211 -        pi- |  1 |  176  176   -1   -1 |  1  0 |   0.311     -5.391 -1.006 |      0.167     -0.263    -34.117    0.140 |
  234 |   211 -        pi+ |  1 |  177  177   -1   -1 |  1  0 |   0.456     -4.204 -1.414 |      0.071     -0.450    -15.253    0.140 |
  235 |  -211 -        pi- |  1 |  177  177   -1   -1 |  1  0 |   0.214     -3.986  2.494 |     -0.171      0.129     -5.756    0.140 |
  236 |   310 -       K_S0 |  1 |  181  181   -1   -1 |  1  0 |   2.026     -3.004  1.870 |     -0.597      1.937    -20.385    0.498 |
  237 |   310 -       K_S0 |  1 |  182  182   -1   -1 |  1  0 |   3.358     -2.808  2.006 |     -1.417      3.045    -27.727    0.498 |
  238 |  -211 -        pi- |  1 |  187  187   -1   -1 |  1  0 |   0.610     -2.662  1.918 |     -0.208      0.574     -4.352    0.140 |
  239 |   111 -        pi0 |  2 |  187  187  303  304 |  1  2 |   0.291     -2.970  2.919 |     -0.284      0.064     -2.828    0.135 |
  240 |   321 -         K+ |  1 |  193  193   -1   -1 |  1  0 |   0.124     -2.120  0.047 |      0.123      0.006     -0.508    0.494 |
  241 |   111 -        pi0 |  2 |  193  193  305  306 |  1  2 |   0.344     -1.175  1.570 |      0.000      0.344     -0.503    0.135 |
  242 |  -311 -      Kbar0 |  2 |  194  194  251  251 |  1  1 |   0.607     -0.603  2.557 |     -0.506      0.335     -0.389    0.498 |
  243 |  -211 -        pi- |  1 |  194  194   -1   -1 |  1  0 |   0.277     -1.134 -1.679 |     -0.030     -0.276     -0.387    0.140 |
  244 |   211 -        pi+ |  1 |  202  202   -1   -1 |  1  0 |   0.519      2.442  2.197 |     -0.304      0.420      2.957    0.140 |
  245 |  -211 -        pi- |  1 |  202  202   -1   -1 |  1  0 |   0.452      2.998 -2.316 |     -0.306     -0.332      4.516    0.140 |
  246 |  -321 -         K- |  1 |  205  205   -1   -1 |  1  0 |   0.184      8.147 -2.233 |     -0.113     -0.145    317.014    0.494 |
  247 |   211 -        pi+ |  1 |  205  205   -1   -1 |  1  0 |   0.394      7.521  1.623 |     -0.021      0.393    363.619    0.140 |
  248 |  -211 -        pi- |  1 |  206  206   -1   -1 |  1  0 |   0.579      7.281  1.422 |      0.086      0.572    420.297    0.140 |
  249 |   111 -        pi0 |  2 |  206  206  307  308 |  1  2 |   0.289      6.513 -2.194 |     -0.169     -0.234     97.274    0.135 |
  250 |   310 -       K_S0 |  1 |  211  211   -1   -1 |  1  0 |   0.646     -3.627  2.568 |     -0.542      0.351    -12.126    0.498 |
  251 |   130 -       K_L0 |  1 |  242  242   -1   -1 |  1  0 |   0.607     -0.603  2.557 |     -0.506      0.335     -0.389    0.498 |
  252 |    16 -     nu_tau |  1 |  122  122   -1   -1 |  1  0 |  15.006      0.465  0.072 |     14.967      1.080      7.239   -0.000 |
  253 |  -211 -        pi- |  1 |  122  122   -1   -1 |  1  0 |   5.284      0.273  0.029 |      5.282      0.155      1.462    0.140 |
  254 |    16 -     nu_tau |  1 |  128  128   -1   -1 |  1  0 |   3.790     -0.620 -2.641 |     -3.325     -1.819     -2.505   -0.000 |
  255 |   111 -        pi0 |  2 |  128  128  309  310 |  1  2 |   2.942     -0.619 -2.656 |     -2.601     -1.374     -1.940    0.135 |
  256 |   111 -        pi0 |  2 |  128  128  311  312 |  1  2 |  13.532     -0.745 -2.566 |    -11.354     -7.362    -11.046    0.135 |
  257 |  -211 -        pi- |  1 |  128  128   -1   -1 |  1  0 |   5.917     -0.660 -2.596 |     -5.057     -3.071     -4.196    0.140 |
  258 |   -16 -  nu_taubar |  1 |  126  126   -1   -1 |  1  0 |   3.600     -1.211  1.053 |      1.781      3.128     -5.506    0.000 |
  259 |   211 -        pi+ |  1 |  126  126   -1   -1 |  1  0 |  28.544     -1.297  1.024 |     14.849     24.378    -48.299    0.140 |
  260 |   211 -        pi+ |  1 |  126  126   -1   -1 |  1  0 |  35.483     -1.294  1.031 |     18.239     30.437    -59.818    0.140 |
  261 |  -211 -        pi- |  1 |  126  126   -1   -1 |  1  0 |   2.618     -1.351  1.018 |      1.374      2.228     -4.713    0.140 |
  262 |  -321 -         K- |  1 |  143  143   -1   -1 |  1  0 |   0.900     -2.429  1.877 |     -0.271      0.858     -5.069    0.494 |
  263 |   211 -        pi+ |  1 |  143  143   -1   -1 |  1  0 |   2.166     -2.997  1.588 |     -0.037      2.165    -21.636    0.140 |
  264 |   111 -        pi0 |  2 |  143  143  313  314 |  1  2 |   0.488     -2.872  2.475 |     -0.384      0.302     -4.300    0.135 |
  265 |   211 -        pi+ |  1 |  153  153   -1   -1 |  1  0 |   0.092     -5.655  0.354 |      0.086      0.032    -13.071    0.140 |
  266 |  -211 -        pi- |  1 |  153  153   -1   -1 |  1  0 |   0.504     -5.799 -2.220 |     -0.305     -0.402    -83.210    0.140 |
  267 |   111 -        pi0 |  2 |  153  153  315  316 |  1  2 |   0.117     -6.751 -2.769 |     -0.109     -0.043    -50.146    0.135 |
  268 |    22 -      gamma |  1 |  154  154   -1   -1 |  1  0 |   0.304     -4.923 -1.664 |     -0.028     -0.303    -20.883    0.000 |
  269 |    22 -      gamma |  1 |  154  154   -1   -1 |  1  0 |   0.425     -5.223 -1.889 |     -0.133     -0.403    -39.400    0.000 |
  270 |    22 -      gamma |  1 |  156  156   -1   -1 |  1  0 |   0.196     -5.695 -2.927 |     -0.191     -0.042    -29.088    0.000 |
  271 |    22 -      gamma |  1 |  156  156   -1   -1 |  1  0 |   0.511     -5.427  3.023 |     -0.507      0.061    -58.112    0.000 |
  272 |   211 -        pi+ |  1 |  157  157   -1   -1 |  1  0 |   0.336     -6.559 -2.240 |     -0.208     -0.264   -118.564    0.140 |
  273 |  -211 -        pi- |  1 |  157  157   -1   -1 |  1  0 |   0.114     -8.189  0.041 |      0.114      0.005   -205.834    0.140 |
  274 |   111 -        pi0 |  2 |  157  157  317  318 |  1  2 |   0.266     -6.748 -1.413 |      0.042     -0.263   -113.498    0.135 |
  275 |    22 -      gamma |  1 |  188  188   -1   -1 |  1  0 |   1.419     -2.679  1.734 |     -0.230      1.400    -10.294    0.000 |
  276 |    22 -      gamma |  1 |  188  188   -1   -1 |  1  0 |   1.039     -2.789  1.752 |     -0.187      1.022     -8.421    0.000 |
  277 |    22 -      gamma |  1 |  191  191   -1   -1 |  1  0 |   0.928     -1.531  2.418 |     -0.695      0.614     -2.045    0.000 |
  278 |    22 -      gamma |  1 |  191  191   -1   -1 |  1  0 |   0.096     -1.912  2.660 |     -0.085      0.044     -0.316   -0.000 |
  279 |    22 -      gamma |  1 |  192  192   -1   -1 |  1  0 |   0.076     -2.512  2.905 |     -0.074      0.018     -0.466   -0.000 |
  280 |    22 -      gamma |  1 |  192  192   -1   -1 |  1  0 |   0.115     -3.409  1.732 |     -0.018      0.113     -1.736   -0.000 |
  281 |   211 -        pi+ |  1 |  195  195   -1   -1 |  1  0 |   0.224      2.018  0.347 |      0.210      0.076      0.826    0.140 |
  282 |  -211 -        pi- |  1 |  195  195   -1   -1 |  1  0 |   0.107      0.754 -0.943 |      0.063     -0.087      0.089    0.140 |
  283 |   111 -        pi0 |  2 |  195  195  319  320 |  1  2 |   0.195      1.882 -2.225 |     -0.118     -0.154      0.624    0.135 |
  284 |    22 -      gamma |  1 |  196  196   -1   -1 |  1  0 |   0.043     -1.411 -2.227 |     -0.026     -0.034     -0.082   -0.000 |
  285 |    22 -      gamma |  1 |  196  196   -1   -1 |  1  0 |   0.090      0.422 -2.805 |     -0.085     -0.030      0.039   -0.000 |
  286 |   211 -        pi+ |  1 |  197  197   -1   -1 |  1  0 |   0.583      1.456  2.314 |     -0.394      0.429      1.183    0.140 |
  287 |  -211 -        pi- |  1 |  197  197   -1   -1 |  1  0 |   0.246      1.207  0.816 |      0.169      0.179      0.374    0.140 |
  288 |   111 -        pi0 |  2 |  197  197  321  322 |  1  2 |   0.284      1.324  1.664 |     -0.026      0.283      0.496    0.135 |
  289 |    22 -      gamma |  1 |  200  200   -1   -1 |  1  0 |   0.101      2.582 -2.632 |     -0.089     -0.050      0.667    0.000 |
  290 |    22 -      gamma |  1 |  200  200   -1   -1 |  1  0 |   0.031      0.790  2.279 |     -0.020      0.024      0.027    0.000 |
  291 |    22 -      gamma |  1 |  207  207   -1   -1 |  1  0 |   0.231      8.070 -0.767 |      0.167     -0.161    370.061   -0.000 |
  292 |    22 -      gamma |  1 |  207  207   -1   -1 |  1  0 |   0.794      7.892 -1.027 |      0.411     -0.679   1061.948   -0.000 |
  293 |    22 -      gamma |  1 |  209  209   -1   -1 |  1  0 |   0.029      7.453 -1.742 |     -0.005     -0.028     24.639    0.000 |
  294 |    22 -      gamma |  1 |  209  209   -1   -1 |  1  0 |   0.286      8.374 -2.968 |     -0.281     -0.049    618.827    0.000 |
  295 |    22 -      gamma |  1 |  221  221   -1   -1 |  1  0 |   0.021     -4.161  2.979 |     -0.021      0.003     -0.685   -0.000 |
  296 |    22 -      gamma |  1 |  221  221   -1   -1 |  1  0 |   0.400     -5.296  2.120 |     -0.209      0.341    -39.939   -0.000 |
  297 |    22 -      gamma |  1 |  223  223   -1   -1 |  1  0 |   0.330     -5.638 -2.063 |     -0.156     -0.291    -46.283    0.000 |
  298 |    22 -      gamma |  1 |  223  223   -1   -1 |  1  0 |   0.062     -5.600 -3.044 |     -0.062     -0.006     -8.413    0.000 |
  299 |    22 -      gamma |  1 |  225  225   -1   -1 |  1  0 |   0.215     -6.417 -0.385 |      0.199     -0.081    -65.752    0.000 |
  300 |    22 -      gamma |  1 |  225  225   -1   -1 |  1  0 |   0.293     -6.211  0.117 |      0.291      0.034    -72.921    0.000 |
  301 |    22 -      gamma |  1 |  227  227   -1   -1 |  1  0 |   0.042     -4.946  1.065 |      0.020      0.036     -2.924    0.000 |
  302 |    22 -      gamma |  1 |  227  227   -1   -1 |  1  0 |   0.090     -5.939 -1.627 |     -0.005     -0.090    -17.076    0.000 |
  303 |    22 -      gamma |  1 |  239  239   -1   -1 |  1  0 |   0.083     -3.288 -2.760 |     -0.077     -0.031     -1.115   -0.000 |
  304 |    22 -      gamma |  1 |  239  239   -1   -1 |  1  0 |   0.227     -2.717  2.709 |     -0.206      0.095     -1.713    0.000 |
  305 |    22 -      gamma |  1 |  241  241   -1   -1 |  1  0 |   0.175     -1.493  1.567 |      0.001      0.175     -0.370    0.000 |
  306 |    22 -      gamma |  1 |  241  241   -1   -1 |  1  0 |   0.169     -0.726  1.572 |     -0.000      0.169     -0.133    0.000 |
  307 |    22 -      gamma |  1 |  249  249   -1   -1 |  1  0 |   0.048      6.855 -1.216 |      0.017     -0.045     22.860    0.000 |
  308 |    22 -      gamma |  1 |  249  249   -1   -1 |  1  0 |   0.265      6.331 -2.346 |     -0.185     -0.189     74.414    0.000 |
  309 |    22 -      gamma |  1 |  255  255   -1   -1 |  1  0 |   1.993     -0.602 -2.682 |     -1.786     -0.883     -1.272   -0.000 |
  310 |    22 -      gamma |  1 |  255  255   -1   -1 |  1  0 |   0.951     -0.654 -2.600 |     -0.815     -0.491     -0.668   -0.000 |
  311 |    22 -      gamma |  1 |  256  256   -1   -1 |  1  0 |   5.327     -0.754 -2.575 |     -4.496     -2.857     -4.406   -0.000 |
  312 |    22 -      gamma |  1 |  256  256   -1   -1 |  1  0 |   8.205     -0.740 -2.560 |     -6.858     -4.505     -6.640    0.000 |
  313 |    22 -      gamma |  1 |  264  264   -1   -1 |  1  0 |   0.481     -2.865  2.435 |     -0.366      0.312     -4.212    0.000 |
  314 |    22 -      gamma |  1 |  264  264   -1   -1 |  1  0 |   0.020     -2.169 -2.604 |     -0.017     -0.010     -0.088   -0.000 |
  315 |    22 -      gamma |  1 |  267  267   -1   -1 |  1  0 |   0.071     -6.707 -1.769 |     -0.014     -0.070    -29.036   -0.000 |
  316 |    22 -      gamma |  1 |  267  267   -1   -1 |  1  0 |   0.099     -6.056  2.866 |     -0.095      0.027    -21.110   -0.000 |
  317 |    22 -      gamma |  1 |  274  274   -1   -1 |  1  0 |   0.202     -6.482 -1.679 |     -0.022     -0.201    -66.012    0.000 |
  318 |    22 -      gamma |  1 |  274  274   -1   -1 |  1  0 |   0.089     -6.973 -0.772 |      0.064     -0.062    -47.486    0.000 |
  319 |    22 -      gamma |  1 |  283  283   -1   -1 |  1  0 |   0.031      2.834  3.100 |     -0.031      0.001      0.262    0.000 |
  320 |    22 -      gamma |  1 |  283  283   -1   -1 |  1  0 |   0.179      1.457 -2.084 |     -0.088     -0.156      0.363    0.000 |
  321 |    22 -      gamma |  1 |  288  288   -1   -1 |  1  0 |   0.165      1.294  1.246 |      0.052      0.156      0.278    0.000 |
  322 |    22 -      gamma |  1 |  288  288   -1   -1 |  1  0 |   0.150      1.173  2.126 |     -0.079      0.127      0.218    0.000 |
