   0.0000000000000000        0.0000000000000000        0.0000000000000000        0.0000000000000000        0.0000000000000000        0.0000000000000000        0.0000000000000000        0.0000000000000000        0.0000000000000000        0.0000000000000000     
   3.7861252799908729E-003   3.7936940028243313E-003   1.5446614054692789E-002   1.9136217000799968E-002   1.8740039160527525E-002  0.33438051257755697       0.12675150220028739       0.11182561584660236        8.1996134180777225E-002   1.6709316434686476E-002
   1.1474072624335627       0.89250555016206601       0.76766975556938122       0.80682763225264309       0.94674486670239777       0.61701205540645288       0.51272200453215544       0.82681568735480226       0.94486295046100011       0.97365944841156793     
   7.7365525676682118E-003   7.5094757537348886E-003   3.0768390964843143E-002   3.5102900786157347E-002   3.7511700439695414E-002  0.41838048514339626       0.21037014871572571       0.17983326354663290       0.14594628996372097        3.0490699490598960E-002
   1.0459721055920777       0.85351582114965430       0.83766882572642365        1.0244176426993892        1.0751118039728480        1.4188637511985844       0.90843295715098682        1.0320857516807371       0.73739226649852807       0.75667204740974237     
   1.2011978436214234E-002   1.0758582319203179E-002   4.7508901419219637E-002   4.8555415355611767E-002   5.5856049055920669E-002  0.45656497951891284       0.24215353767551384       0.22205525365703480       0.19301706832322940        4.4099650856808545E-002
   1.1021568265828181        1.2381068608534642       0.85777145883708472       0.90050104778881856       0.80326339079495968       0.82366732607222071       0.99696548471065038        1.1013724622981385        1.1726064241547789       0.98705910112659245     
   1.7068718986589640E-002   1.3896633075636858E-002   6.4464689381743670E-002   6.2160310368643237E-002   7.4623075903371250E-002  0.48032609893493206       0.26003094507983471       0.25770594292778720       0.22762226446630901        5.6982689543191065E-002
  0.80628964086220700        1.2211328842300582       0.88937696745334127       0.82221517623802209       0.93988046190268981       0.85437352593903415       0.90922066315527761       0.94311577043156936       0.84665151908770975       0.75595659545102101     
   2.2705265304302415E-002   1.6937164903594676E-002   8.1914246181502101E-002   7.7740146002035590E-002   9.4263358276119730E-002  0.49843296912009355       0.27511036269120248       0.28999361181606864       0.25395314028123750        7.3854955007681189E-002
  0.82295818156929301       0.79586748818359143        1.0630724500182447       0.87257101181048791        1.0802118297026269       0.77244026494773421        1.4727181607429758        1.2846878794487411       0.67840899525970366       0.78226590790409156     
   2.8783011952266624E-002   1.9958007128369641E-002   9.8967199265340561E-002   9.2358274915553998E-002  0.11371756613904795       0.51447061801750282       0.28675350034030034       0.31828221284570546       0.27818855090551708        9.0191551875691875E-002
  0.92594310976934657       0.73849887733533970       0.90218378769827856        1.1591189786577836        1.0099137966592178       0.78565703966840672       0.88682103955675551        1.0693543503301977       0.72300912712570309       0.93042329034207349     
   3.4834625140711437E-002   2.3065539297983426E-002  0.11531562683710810       0.10546592231885728       0.13177251100644677       0.52953400735739897       0.29748237378332498       0.34353876017409202       0.30255669732051660       0.10791289880138429     
  0.73984856770660123       0.63000764938969811       0.83625462146166829       0.96949003525023991       0.99669266100762255       0.78797764084999522       0.77686033320709869       0.80146229956648940       0.72716875817090465       0.80388729894703792     
   4.1613817658809081E-002   2.6380162266158809E-002  0.13114704245135317       0.11802590636019084       0.14911687151726918       0.54364418307300910       0.30604146245992542       0.36672009310433734       0.33090302190776433       0.12484272308602974     
  0.96532880292392931       0.73567178554239210       0.86480932299356972       0.87783183675044019        1.0891408709916122       0.94229296151625919       0.74477593051955548       0.78013471643159915       0.89067585187330289       0.94281788455720361     
   4.8981933731338190E-002   2.9831167941033576E-002  0.14687677908355065       0.13051329203162967       0.16613398624212122       0.55678045146517707       0.31585150527681433       0.38516655660681159       0.35843459725965943       0.14297632139566868     
  0.73032061755368449       0.78554082510388690       0.92647656071399964       0.81472460681747150       0.79663750785045317       0.86937087904344290       0.98790023464717791       0.81434075922885030       0.74854283509334762       0.94734459564753415     
   5.8017630447073081E-002   3.3153185221243262E-002  0.16330420972259457       0.14282454091155319       0.18291643586122375       0.56914111368990461       0.32413339711884737       0.40130141540529413       0.38434354469966453       0.16151778913164438     
  0.76067686714396865       0.81822977960186005       0.88628005839095603       0.63858401842964851       0.84240296550999050       0.81892103593628240       0.77525448865574986       0.72700358796799391       0.87697013467898832        1.0967480926311293     
   6.6229863592484270E-002   3.6437607271964920E-002  0.18080102231099957       0.15561679796712760       0.19953037092141382       0.58267330669456141       0.33228141286711094       0.41724545399985064       0.40803040296331372       0.17872289346810216     
  0.86652715539412883       0.73039389284347778       0.78727765853618770       0.87227083662122917       0.82621970493972707       0.65041573071213044       0.97835084086700108       0.82552073284898142       0.76320053307767366        1.1040993509945856     
   7.5069939440387312E-002   3.9770392362731284E-002  0.19734486253193209       0.16975315321063406       0.21652417971608023       0.59660376571739093       0.33957687493448874       0.43316708698561529       0.42966486729055997       0.19532118037679255     
   1.0253011442273674       0.88035173676219014       0.74752286418569291       0.99811694548250895       0.82820640907029330        1.0146359772871283        1.2351720780505282       0.85253161431568791       0.73945346936031608       0.80669428854863867     
   8.4295800680974739E-002   4.3374233915776057E-002  0.21409268584492430       0.18358183819510535       0.23453179973949104       0.60883852688467066       0.34688138065603874       0.44980701437433174       0.44743767717120825       0.21152376863267486     
  0.77863669421283599       0.70328001177476007        1.1096491416619696        1.0071114391236666       0.86820888496627402        1.0069338063499484       0.91363314327584166       0.87500046343232329       0.62069157879533488       0.91246199811181072     
   9.5970486466985416E-002   4.7798826396046497E-002  0.23002970325619373       0.19643444752193517       0.25127283859262434       0.62081512872365363       0.35394052121991937       0.46675586974322453       0.46557406872772755       0.22796237081271414     
  0.74602656761533259       0.59487811231384757       0.80055818586262328        1.1417924256288989       0.79137548009531333       0.89509899218763267       0.80454241141681415       0.96986471850647382       0.68360358214715022       0.90496583699272914     
  0.10865237514975547        5.2281141210218256E-002  0.24651005038293261       0.20918914892320009       0.26720449483961051       0.63229767406621018       0.36114375687075234       0.48273278723725671       0.48627421188585024       0.24431052244134122     
  0.90441270103368743       0.75938881246313061        1.0052370403797517       0.70166517554711993       0.90722809334272814       0.91381759497440451       0.95463733855949251       0.96341350027633921       0.71301809961506080       0.76778783435156761     
  0.12284575404440121        5.6652017301191605E-002  0.26120332656437872       0.22215801345770633       0.28281376952595694       0.64291865182217867       0.36793106720810037       0.49876397955031770       0.50663174925790821       0.25998057303317545     
   1.0288212635635876       0.82828392857535815       0.67386858514952952       0.69946717088874111       0.97017159440316947       0.61799289012354419       0.73859596453602350        1.2205164442044019       0.85725105879986119       0.80276535897049628     
  0.13721144367105423        6.1112875262038763E-002  0.27553256891505989       0.23499876573647949       0.29828485124162424       0.65265303500595018       0.37472810620875674       0.51594663626613368       0.52650750272302083       0.27549991207143237     
  0.97691191442291891       0.84986925223962095       0.75706381106800169       0.80381058853612808       0.69231415068669899       0.78808487010944717       0.80190711914141355        1.1958159172169112       0.82687108777731366       0.73201315374601728     
  0.15253442577189408        6.5673550734922065E-002  0.29068224005912252       0.24763603899724485       0.31385373689192986       0.66190195859131074       0.38093688908121648       0.53174517483409400       0.54554997090716151       0.29203163898031159     
  0.83419978522604732        1.1604624955941911       0.66014765922244545       0.88374187030764018        1.0724957640832766       0.74588173188895857       0.96170595480617893        1.1307429295322775       0.65621282829682193       0.94609631592022914     
  0.16833621763181048        7.0377816722788103E-002  0.30750983367970791       0.25981587897999409       0.32902191587274737       0.67022120152046993       0.38691918794388086       0.54742284186028523       0.56419371670807972       0.30941309386382260     
  0.68710611125839360       0.70050316007880697       0.98897645412701685        1.2720708717637248       0.82603446767086675       0.74903986716563586        1.0498131412969423        1.1985051336014865       0.82289372343505796       0.89443510194500098     
  0.18568809194601607        7.5337973877431352E-002  0.32425225997293211       0.27169281863458988       0.34310961829229397       0.67854918978837109       0.39271352412470800       0.56279207337477888       0.58334773812854013       0.32560203324233111     
  0.96173240353896761       0.80375514624687516       0.92307305666103789       0.76610693458597534       0.88991612892184502       0.81791898397562124       0.71736149168671914       0.96153152898411587       0.74855207494403420       0.86109549782023276     
  0.20326902211033010        8.0302942156164264E-002  0.34074900913088407       0.28408504263031881       0.35679102800590151       0.68735662898653005       0.39855886228146886       0.57769209524021536       0.60164862038906231       0.34039370357645587     
  0.69312777272064119       0.76322210080393416        1.0151449359454439       0.90231133829647270       0.62737816483113551       0.88350563108315228       0.84027578276250237       0.79364792974121667       0.81202400000404207       0.87705100000671199     
  0.22157305742331693        8.5799806048125232E-002  0.35765482934636361       0.29662792013447270       0.37031360601700763       0.69601794929225347       0.40412732822243669       0.59024793165015221       0.61823034956589051       0.35409083906731975     
  0.78419528688860607       0.83400020927597440       0.71933188534660841       0.93786861611350270        1.0225582890962470       0.77034013182967698       0.76269144009148604       0.83895913877592831       0.75577366448638383       0.70204056076548538     
  0.24010090654594829        9.1938999603888683E-002  0.37411618835241595       0.30981422363167771       0.38486162451073064       0.70468222671828828       0.41007455409975774       0.60161342307160204       0.63294602505583075       0.36754360026100041     
  0.64639260954359778       0.75194772330952375       0.72296084622734569       0.95043116284331941       0.80613228118662628       0.78769203858372727       0.81530636146117341       0.88766965119639529       0.81579846671217848       0.83400959905336458     
  0.26016810692678177        9.8048927448126558E-002  0.39084512894549628       0.32416071016282294       0.39896589670663885       0.71334070611222311       0.41607372337735271       0.61254101389575677       0.64602924410893503       0.38161319437113994     
  0.77649628099136936       0.84539956312782361       0.89650354844962110       0.86198126536840902       0.79724362817745509       0.90150861223950596       0.92780008799218994       0.75854487519995528       0.69264512859941152       0.85884369729461396     
  0.28215687880566420       0.10493386695374385       0.40629613804282444       0.33727933403295474       0.41223603783502866       0.72155848096376862       0.42194414674526687       0.62400484844350279       0.65925523870266223       0.39615299001852916     
  0.73280788045396839       0.90299588984876955       0.80006172807506803        1.1166568284766298       0.74810335940543360       0.83349331460529796       0.79764931187443422       0.76284949295364957       0.72901934748633501       0.74133942175623557     
  0.30330745240665469       0.11170262144860803       0.42270768182390644       0.35080463953736191       0.42634891971224992       0.72951514804733697       0.42719153202145926       0.63649665848450288       0.67298626488918267       0.41054066770342101     
  0.81007970256370709       0.65984505326513732       0.98096176640663257       0.84230157818680784       0.98070957561746175        1.0089404942656968       0.79269385404099257        1.0166702747973257       0.72262057119352108       0.76467953526590104     
  0.32601618843526009       0.11958526347542660       0.43929777692219285       0.36415848078479124       0.44071299212292731       0.73717204195019759       0.43216843631195062       0.64857098564820437       0.68784519554663925       0.42555310754385911     
  0.76769102670090594       0.97419511115085844       0.79404895244616647       0.82809964499968014        1.1439310852686426       0.97507531449493889       0.56163424877866452       0.84892336021158299       0.91380877915597836       0.90967454203745968     
  0.34799736946050996       0.12634610082464429       0.45609488432029377       0.37773080275110610       0.45501890710112147       0.74468414866263277       0.43704192924890400       0.65921711904221647       0.70212969619326659       0.44181563805146989     
  0.81772791306699910       0.78991716019738822       0.80800189779374276       0.77931063747033569       0.78863034714345637       0.80482082102562635       0.70554253900461672       0.76783588726269159       0.87076255744687681       0.82515501898239518     
  0.37078273042089305       0.13384660694311745       0.47230371881256644       0.39054723742421238       0.46947821824491542       0.75232145289258534       0.44279845215372027       0.66925358942448232       0.71563431518621845       0.45790513831047897     
  0.96727099161986541       0.58896292317686927       0.86184185554202108       0.69933834499625691       0.80010827952144037       0.98469116785525435       0.63123483147877002       0.82825245535783476       0.96454097482131196       0.66135920491689126     
  0.39488592632093772       0.14187187365256954       0.48784493637631210       0.40266502068973692       0.48358290147630317       0.75996330763981967       0.44902502747679923       0.67830779704919775       0.72788769486716054       0.47364423898051544     
  0.79938475962015954       0.89027689325966441       0.83052471776854331       0.68366349619342492       0.69243462157909674       0.91938432528066782       0.84180984457470709       0.77774139686377552       0.82361695488211639       0.64019819982084081     
  0.42238299624151432       0.15091303317415161       0.50273488409213274       0.41511266069578423       0.49702672259668135       0.76742378512000831       0.45537453352777030       0.68786884413163285       0.73878200170109443       0.48959950916881217     
   1.1965617192802951        1.0448275589626739       0.85856214589278079       0.79451763894203753       0.77852311548096220       0.78675251633005516       0.82466856939400235       0.72765962165102582       0.70129605593291056       0.90220532144894594     
  0.45070749888021444       0.16032701148920500       0.51728372959286173       0.42880452373616235       0.50979861401108906       0.77459413991973292       0.46174662059886318       0.69799751257980314       0.74985095062507079       0.50583059297106636     
  0.87185770070198876       0.99567414449189362       0.70395714146884469       0.81654681674046647       0.84197544316069106       0.79794573808189939       0.90505972586691685       0.82454799187050376       0.64931289056341313       0.79835988333938179     
  0.48170408184355890       0.17012738136477323       0.53255187349502597       0.44334964897228224       0.52216380939153195       0.78157566382239629       0.46821427831899903       0.70925824645808577       0.76173710756004354       0.52107574400876100     
   1.0348456438993552       0.98711480411261232       0.95902303148314594       0.81992953025481297       0.75015186192656258       0.95185829264532740       0.77468435753755260       0.98248643473550379       0.92390771195877830        1.0772290257245110     
  0.51284443967437243       0.18070282945553046       0.54929396861527380       0.45831619842438215       0.53492348843805304       0.78822677656234341       0.47460937665405600       0.71981314598873392       0.77243325044434941       0.53465841297485706     
   1.3975325200453816        1.0125393479884726       0.85432905687007088       0.79178130376909139       0.71670372601706855       0.66430637147380067       0.76898745018200598        1.0639150468718557        1.0162496983663738       0.79654329967597293     
  0.54011611316354180       0.19181396212166113       0.56606695381784289       0.47372172899332510       0.54843199947750387       0.79475702958372640       0.48081152555561063       0.73001346819160229       0.78300974451584882       0.54903944260286985     
  0.71307345687653745       0.63813636627299253       0.85383416830952652       0.86197375409800314       0.73471031755040295       0.77679867717534345       0.83729903444632658        1.1207165583848586       0.79995064796280002       0.92963430841973027     
  0.56599195576314865       0.20376877308249766       0.58118323957221996       0.48820517786201650       0.56240057535339194       0.80111416672125402       0.48687880109861548       0.73996390303399573       0.79303798175554796       0.56322649012031378     
  0.90918473090908558       0.81653923897817626       0.80506438230511224       0.76435153041095338       0.68048786537659844       0.79554864961108240       0.99176619223538620       0.99907873059339647       0.73135810095155895       0.80055131845876770     
  0.59191476585901581       0.21570804274917577       0.59522095216860549       0.49981610483853395       0.57496067025432573       0.80728599280923863       0.49319309811284406       0.74929486471530582       0.80254216366651843       0.57802418263531286     
   1.1057966123825531       0.96050941431246062       0.95953797999593882       0.87566457411524479       0.77925535434171600       0.84688196419765638       0.91075936748750252       0.77175990735747901        1.0174722619208298       0.59033352069762768     
  0.61815722838783949       0.22994290962334327       0.60972116880479177       0.51119421111394969       0.58696461119646925       0.81350808915605888       0.50007249692551681       0.75847392078470166       0.81292749190593161       0.59258117422496714     
  0.63453222570653800        1.0099175740195601       0.73607278912389706       0.65156289852903460       0.75511517954723217       0.81753906739544158       0.93366837117051904       0.94173892803077497       0.85559823692869130       0.95902565188894295     
  0.64419519634773481       0.24467989862191517       0.62619868682548963       0.52329772404036912       0.59857941828830263       0.81954331584928497       0.50701456985365145       0.76778921291479518       0.82229383815488100       0.60599041133664655     
  0.77062834618837928       0.94048756812558820       0.76000030209691904       0.69287254787776997       0.61070029518115276       0.83079604345931313       0.78104677150295421       0.75821138474475325        1.0062092780385343       0.94685735286274109     
  0.66863785012918830       0.26042979640603853       0.64298431728891547       0.53908683024460213       0.60956231474275602       0.82579699117706795       0.51352352166072079       0.77680077713664375       0.83098612075257627       0.62075247387529886     
  0.79666733763578756       0.86868074318505295       0.96795228864658178       0.75393904897733854       0.67882542365591225       0.83375029437924619       0.89865223649785420       0.87633727900649427       0.78951132608756447       0.66061912585837657     
  0.69062559548813574       0.27834548298189510       0.65982853710807354       0.55559986626220503       0.62104555018975016       0.83200372156488267       0.52009497988802056       0.78547735131050445       0.84027665746563285       0.63664965606700064     
  0.69962325288825034        1.1406601574801034       0.91536502660746111       0.94356190063167789       0.82643920414049488       0.87573394136223326       0.70318074153813481       0.79488840454996346       0.94549325011172358       0.77873384960944347     
  0.70941228942335599       0.29758232472760554       0.67524010909776300       0.57199493018392655       0.63476720200585834       0.83908984702108746       0.52690787660992822       0.79418805375540158       0.84981601159684506       0.65202240502562603     
  0.77342874831179176       0.99517088623313543       0.95164259433579235       0.77552184949122294       0.79350720631162919        1.0067892795317555       0.68597349553272735       0.71348709318993797       0.74492428390596988       0.98047302974049499     
  0.72746610358698971       0.31482137361337575       0.69121659013644199       0.58993355137878267       0.65037795144253674       0.84601713407572876       0.53516173909852516       0.80337582151630138       0.85866278864891632       0.66739582442778356     
  0.79071402435328875       0.92325031597824236       0.78512072021486901       0.81856953002317290       0.79481071587106766       0.87867735135867064       0.85396109675395027        1.0477201336638997       0.70558226136776059       0.82003948537502425     
  0.74504062509287816       0.33430572335692177       0.70497993451473662       0.60743561060435558       0.66676876060387691       0.85276166992955982       0.54384664845713016       0.81291541161281922       0.86668979469230334       0.68270429108706876     
  0.81626538662817238       0.94804613426799844       0.74844082414568125       0.74196490060455988       0.79128768012600514       0.96612851962322532        1.2708213059332492        1.0668368299251150       0.89915506174394388       0.82064060755459878     
  0.76509812897840701       0.35275179765923415       0.71957433399287629       0.62320232331114012       0.68350021610054046       0.85932382166426069       0.55249499377373101       0.82194276166539892       0.87465613246131346       0.69857667892506881     
  0.77867590802312980       0.81428966040980544       0.87366126929893151       0.74811994286795114       0.91431185132484438       0.89788481193151304       0.84602215222538102        1.0226462076591185       0.82741766656506122       0.76499903731436825     
  0.78405698775035138       0.37406835433686414       0.73363308661589310       0.63927843624175618       0.70072268050148101       0.86533639809660079       0.56132356224626279       0.83033108267054834       0.88305233329664234       0.71567898750431069     
  0.84622481838619179       0.77150760584112443       0.86913473214873938       0.94177634354380801       0.81559586118445715       0.74366633552930739       0.61533238479045105       0.77895948356446421        1.1012682431784599        1.0666416545077644     
  0.80124194672610816       0.40252418550967378       0.74829137937699663       0.65601398208134643       0.71704364072915205       0.87101109984538294       0.57082562218162936       0.83861400781561990       0.89213093913698327       0.73282182069903179     
  0.80314380201430835       0.99878617400627534       0.89977497724033917        1.1830411390210842       0.93859163393878564       0.69237735222793206        1.0893275274323360       0.68024754115775898        1.0880464615794962       0.84927372647084098     
  0.81741719172774019       0.43298046036732252       0.76526608645764926       0.67267139024450617       0.73174993522963294       0.87679752451107473       0.57903596679067393       0.84721975107828706       0.90118243462798908       0.74833161467818710     
  0.66134779408978517        1.0732894439128673       0.85617529047787899       0.73233274806798787       0.86500104000828382       0.82109776224245579       0.96312945238089065        1.0169749180100769        1.1066323827699254       0.80826861181487675     
  0.83277426076301464       0.46521023585755428       0.78277587789001957       0.68627223624034195       0.74611628493801874       0.88289146208907154       0.58723458647005278       0.85600585032760790       0.90936904389234574       0.76280620234446206     
  0.81248234365827710       0.94404772055719688       0.88737723249631295       0.89509136258705702       0.81709508257885788       0.91449516813280651       0.92117457603721919       0.77397228937928986       0.90458548878230871       0.98451666263462101     
  0.84763120248573320       0.49720200464313002       0.79973245506048829       0.70006535108998813       0.76083398036341188       0.88941180315961743       0.59546637935382418       0.86493991069386245       0.91666413985073558       0.77681947261628370     
  0.68475974143804097       0.85026157127825308       0.81504814800996972       0.56798360802367709       0.91596902833871208        1.0255017542318041       0.80625722764084129       0.77336851741494750        1.0575760746145337       0.83132418096468008     
  0.86260905058736204       0.52853632950007778       0.81374523114274189       0.71399423800934325       0.77584907621902610       0.89586732845322414       0.60400077848263467       0.87420351072755909       0.92336718489348524       0.79129470072202623     
  0.80061598040049675       0.76288380992798188       0.91055120355226049       0.71893170942929319       0.84072947407623355        1.1031355175276956        1.0541314553277645       0.65135291140065898       0.96274256292792604       0.86975051488225397     
  0.87689133598522606       0.55977990432223235       0.82609233653231695       0.72915619627634620       0.79086211320077893       0.90199855131797835       0.61335324241369682       0.88330379015431115       0.93014836836078518       0.80619453215774750     
  0.89387547803622747       0.82073104616967407       0.94532667894246769       0.89960158503580678       0.78174733656394435       0.73476058363603658       0.79016917150885690       0.67006199620336726       0.94810421530469524       0.82876078898914729     
  0.89068695006019516       0.59181015444851570       0.83822508932533646       0.74593030186492415       0.80540887814519502       0.90787208355994553       0.62324705086348908       0.89190113662564918       0.93704661011403745       0.82150137047163252     
  0.72936533514618074       0.66971878533505702       0.60824301343063769       0.77007650180670351       0.72656971301534490       0.88898194739224567       0.96053709309981805       0.73602324090971172       0.87842501412832719        1.0069441370446011     
  0.90375841991586070       0.62169736249551311       0.85066288361262943       0.76220554220945502       0.81951153144450750       0.91341859855217300       0.63345954672227067       0.90003667772967766       0.94330417640831843       0.83748829402503433     
  0.81846909585388072       0.87622580227870828       0.68529436398251753       0.78197731999816500       0.74349234762230276       0.72842753243239100       0.74675866638679944       0.68213044276902957       0.96071455006617412       0.88728441466291252     
  0.91672438534542589       0.64976717830789699       0.86525868976670706       0.77806325744275617       0.83421316344726582       0.91883505731902082       0.64445140539695833       0.90795347766090151       0.94898474164360580       0.85424304290932185     
  0.90622729018769477       0.62077715597102712       0.66654497893479292       0.91091104295517655       0.73382113151030914       0.88424760345869091       0.86018119986169084       0.67512603968123752        1.1478982372952102       0.79320239821934679     
  0.92919935925437425       0.68114454310220218       0.88091174522117344       0.79426810942274628       0.85027736297463530       0.92435637992505904       0.65569939869469474       0.91583930169685457       0.95468988858558301       0.87126516763006201     
  0.83676817699895045       0.94663920905998056       0.80448140884712094        1.0062121995685029       0.84422192174956201       0.84263830740222256       0.96416347303307837       0.58038887027776120       0.79068472876710350       0.71870445607964861     
  0.94096170070028295       0.71894510169869585       0.89578058569819241       0.81196085129578199       0.86657263360931547       0.92992660331225507       0.66830330667557436       0.92424069282403776       0.96013963763186316       0.88743334945635299     
  0.84769249221479726       0.60343461346325555       0.95055342436558432       0.79534737278621948       0.87775761146264020       0.74333394541944753       0.65855119702529707       0.63373816743779687        1.0022268862638228       0.97429309326094127     
  0.95193604857316083       0.76435897300099287       0.91032888289996372       0.83037859627978050       0.88327228771943744       0.93606967036931554       0.68269785652561821       0.93374288814342454       0.96538751896902297       0.90343116143954338     
  0.85885011473684547       0.80999909363598321       0.75868925315912739       0.80062850077883196       0.90301481646504689       0.76704189588154625       0.72424919306200841       0.69989286164620090       0.89210155242525691       0.79405765744553836     
  0.96172382327606565       0.81029435364286706       0.92518859421384958       0.85248391891791186       0.89981434541868488       0.94307645864114586       0.69851827508830644       0.94386029200873078       0.97107910433217637       0.91962553248069201     
  0.85176756388536756       0.80246101286990235       0.81771678778107004       0.83730087534030939       0.80678219366688431       0.69839682628274424       0.85313323336237656       0.71980195233265720       0.79104268081975049       0.92687620425611406     
  0.97093947825116877       0.85386640410183323       0.94033199506864140       0.87554656897664940       0.91731064882113067       0.95110221630457015       0.71548212552965673       0.95449123270380043       0.97700486044387613       0.93812445131425115     
  0.78969523318363233       0.75699517676215666       0.92644795924210643       0.73769808694418337       0.88280810517842523       0.78177307419383690       0.80786597950592565       0.63742652075760309       0.85850498411151699       0.91673695223919882     
  0.97962399489478391       0.89711716932068530       0.95540709674714230       0.90168361357882920       0.93706629225645754       0.95979724140306377       0.73892238999263959       0.96568710657927925       0.98246564623175048       0.95461053020222464     
  0.83887066884684847       0.98179095231914582       0.85975856028539321        1.0300786960992188       0.88772806378984614       0.91120069811477311       0.95006143598652593       0.81670932677534946        1.0106666215057325       0.94051762240153891     
  0.98725420241445783       0.93949528088304779       0.96967215919783090       0.92926188100154594       0.95783342171375996       0.96959710586727976       0.76769077229443672       0.97622813198861436       0.98787992874348329       0.96994080594372045     
  0.66857369892384833       0.90870894501900656       0.96221696118102040       0.98322480767192222       0.95471702408833259       0.94490859793401083       0.77411611956163195       0.63309410065036964       0.76237101934200613       0.68657506463031481     
  0.99368806615344507       0.97107209501866232       0.98529584176850371       0.96226513330296815       0.97867900553207854       0.98299399053776904       0.83622900335769934       0.98802757710050082       0.99357788716686335       0.98483187090348367     
   1.1239835262997644       0.87860066601655407       0.91701560991186193       0.87512566946248327       0.87007100769326828        1.1098134236161066       0.96982080976333773       0.65786338201098815       0.89689183616870261       0.72040262702856839     
   1.0000000000000000        1.0000000000000000        1.0000000000000000        1.0000000000000000        1.0000000000000000        1.0000000000000000        1.0000000000000000        1.0000000000000000        1.0000000000000000        1.0000000000000000     
   1.0373690500313237       0.91231322792079961       0.82859587206472318       0.73194279269460039        1.2705177514610333       0.77403729731987070       0.62484427964536171       0.64203805944092396        1.0047236734633029       0.74731734766623459     
   15.795659238511849        16.061669556922531        10.017929136549439        6.2933660038801618        14.965442427864813        0.0000000000000000        7.5442355681824624        16.870726688417236        13.884435144950833        14.989131887066314     
   10.866978293572117        12.475809090493421        14.462275912230956        11.983033154718424        9.0871344180799394        0.0000000000000000        13.387380820087458        14.576042934108806        13.924410546470284        12.877536550315201     
   13.208481303901982        9.6309496132375010        13.115060994131277        12.774040730507657        13.632292644119907        14.082990846050917        12.393963786659413        14.915726915720754        11.269186382064012        8.9965928257475305     
   9.6753765813622827        8.0517221442289699        12.835949971108933        15.238122117201119        14.279015608001604        12.847750421531023        13.838954601909187        13.112020072794113        13.105950024936536        14.791066244209434     
   10.666100164241156        7.3638994290720188        13.594441292371350        13.805821717629110        14.752376455398945        13.543416210543496        14.339422476951531        10.054936815930690        13.529676164987380        11.750332927710007     
   8.6509964784569586        9.6124891671537753        14.376918238901641        15.974162364213642        15.417119241423793        13.243260744087346        12.740397204652936        11.385973803600859        11.137154817936700        12.986486408431912     
   11.275747922325039        10.091307863707051        15.730025578233642        17.575612171740286        8.2852365052025494        16.783004354811318        17.388797356032093        15.311014376948300        13.133275748274945        13.498467681175812     
   17.953573370114718        17.077974543025601        11.092520238464928        15.587677077756176        12.650793051784211        10.926635861279333        12.974924036960003        13.450238459882145        15.018961818744303        16.328713790745788     
   1.5743054620470497E-003
           1           1           1           1           1           1           1           1           1           1
   6.5302268174263040E-004   6.1801517108076042E-004   2.9315842750751685E-006   11.465737680552294        1.1012849264728040E-005   1.2901122819247539E-008
   7.1004136487564768E-006   7.0090525629107883E-006   7.4903897547884475E-007  0.12826238964331063        7.4887623011952747E-007   6.8715721887128833E-010
   5.0000000000000001E-003   14.531828309704627     
