   0.0000000000000000        0.0000000000000000        0.0000000000000000        0.0000000000000000        0.0000000000000000        0.0000000000000000        0.0000000000000000        0.0000000000000000        0.0000000000000000        0.0000000000000000     
  0.10535086005518260        1.7013203954748795E-002   1.7049287121516949E-002   6.0004130858949600E-003   1.6235499637060904E-002  0.39882098444484965       0.11882745186214484        7.8825871811068746E-002   8.6392442085916579E-002   1.4960107503577590E-002
  0.95405026332962761        1.3583094276128196        1.1788478796903634        1.5968775570159766        1.0546262961958324       0.77447091096968412       0.86714132701686109        1.1582017721395170        1.1448295223076441        1.4272325479769603     
  0.16752384202970760        3.3445403119667379E-002   3.3493509157736391E-002   1.2572832657017230E-002   3.2282874008900508E-002  0.51272431171110500       0.16973516227405158       0.13610721189675357       0.14659611008047971        3.1103080049973725E-002
   1.1176591528083148        1.0760168451860754        1.3645841664573073        1.6577316594259135        1.1521351043642010        1.8445790406463811        2.2700217863281864        1.5741791409691310        1.2899295508655539        1.5140338794105626     
  0.20070852786528004        4.7824009580169788E-002   4.4366120421951621E-002   1.9804458467825282E-002   4.9223457132695450E-002  0.55117323759006565       0.19242916341331234       0.17923258076565671       0.19243819524215491        4.6436824487773462E-002
   1.2653633885399358        1.1421885637616553       0.91540180920287140        2.1246457137225203        1.1834337580185648        1.3014064440364603        1.3565106567183960        1.3524656724493698        1.4958322957749643        1.2210437796714502     
  0.23031333528102918        6.0404629208356382E-002   5.5893851867088035E-002   2.7300973854345600E-002   6.6404550768735679E-002  0.57111781768342218       0.20959608533757937       0.21186961297982898       0.22911182544454020        5.8517591733881227E-002
   1.0550028568372480        1.0849785039846331       0.93865376612687534        1.4271966378117575        1.1638297841896530       0.98950477266617876        1.5352414864224282        1.4279877796510607        1.5916629687213193        1.0035071346397664     
  0.25883929701358183        7.3914984503659450E-002   6.9110842591182012E-002   3.5140963255417483E-002   8.3602552055344184E-002  0.58771870906569146       0.22313649826268761       0.23863767045012010       0.26207340780296251        7.0858828592083395E-002
   1.2698178558628743        1.1439601177605161        1.0797392294404906        1.2316975372041308        1.0985825269598686       0.81466580993028692        1.4156389266967275        1.4634265858012692        1.5666290659561142        1.0770857205682238     
  0.28818979254748173        8.7904601894583267E-002   8.3715375015428264E-002   4.3409525325143840E-002  0.10074916982152038       0.60504140813715024       0.23527216270672402       0.26431829740743729       0.29057929729716486        8.2941150806395483E-002
   1.0916303114400012        1.0645858110194208        1.2079297975364798        1.5516164796730558        1.1650119257475806        1.3805496531239332        1.3461458857623345        1.3347252767684967        1.4185394490068621        1.1409677910931710     
  0.31582349850290292       0.10510168436252564       0.10006162083631763        5.2440243880533810E-002  0.11761882502761396       0.62337311777902882       0.24582357561852547       0.28908788212179215       0.31494715978872651        9.6133622905891988E-002
   1.2575972106270519        1.3785243217882621        1.4014757747467921        1.1883800194897789        1.0007090000123908        1.2224367074182618        1.2224294477462847        1.2009023805569434        1.4937554797798438        1.0714023794542225     
  0.34018790934838067       0.12211744332393541       0.11624509162605304        6.2605583310309146E-002  0.13377800255131544       0.63990068642874254       0.25584041261475648       0.31419900608050338       0.33821458828504358       0.11085486644054023     
  0.92775033392966744        1.3970125545810406        1.3375497687590860        1.4623827823283528        1.1397247483418895        1.4054966216655411        1.4355932348292524        2.0577448435143970        1.0896132495643485        1.0588230527831222     
  0.36242598316001451       0.13540080597260321       0.13058056309779656        7.3478058112300806E-002  0.14995852226054177       0.65354901603242022       0.26486870760097780       0.33884698278180930       0.35982246270444618       0.12673838878173277     
   1.1200061639022298        1.1444865687900661       0.99320042228331229        1.3519783566043519        1.2930269832738446        1.3007615970029267        1.4654552564342749        1.5704146980696034        1.1481424058604210        1.2795764254608455     
  0.38448598784950178       0.14900559396778759       0.14380199444906147        8.5122204853881986E-002  0.16490226474047734       0.66701428045308087       0.27347434336306026       0.36060874871447751       0.38086321411701063       0.14336811287494908     
   1.5214393035101601        1.1601048914595060        1.0801390748508652        1.3200810398162826        1.0734304211893864        1.3858560605245926        1.4752128352201264        1.4568849939053423        1.2986296311022656        1.2329380189128205     
  0.40636330363380357       0.16260580575870892       0.15679609693353666        9.8049716962417391E-002  0.17860098922180340       0.67928855910000863       0.28147207815403275       0.37764864555055416       0.40057489451578149       0.15959403141124195     
  0.85974193354473960        1.0381631258774420        1.1368061102982392        1.2776208434854286        1.2138149220138692        1.5521581369592257        1.0841761495349882        1.1320151510794874        1.3675806360455549        1.4416767433837940     
  0.42767661451455852       0.17682695339144469       0.16979914340008315       0.11177879995468702       0.19228170012955798       0.69169759598107827       0.28872838988141308       0.39333513968225381       0.41823347391208665       0.17599291653101820     
   1.3568743903457441        1.1485144552327418       0.99944162058143637        1.4759201939043904        1.0399332181819989        1.2348933969034002        1.4190246475849422        1.1496651543189078        1.2504886524974113        1.0403032578874010     
  0.44643543534594271       0.19497827574174925       0.18604219246111497       0.12531986331059164       0.20575069733971421       0.70251214405803886       0.29419298625450707       0.41040444126302666       0.43618998174699819       0.19282262184512669     
   1.2463736955328208        1.3624821041162205        1.2436292645351328        1.0929765907889029        1.1131677785102323        1.4915889225297296        1.0099015750335165        1.2760576802738939        1.0812069849791957        1.3925046284283034     
  0.46414121472541020       0.21117241945135637       0.20222816575242414       0.13890641379210120       0.21941313062501649       0.71339980542385117       0.29871660076570128       0.42855592421550309       0.45311560113391558       0.21032461671774486     
   1.2228785638762563        1.4148304708222506        1.2283882996341122        1.2603329641206324        1.1916266552320518        1.1977728494841966       0.97596734299612176        1.5541740877807044        1.4373609383562904        1.3932884702992203     
  0.48093172552298624       0.22722020556666167       0.21880674236399897       0.15276026379061017       0.23732539092600452       0.72277289236561415       0.30321435771246519       0.44670522079229152       0.46944023477295593       0.22801191125880924     
   1.2173169619354387        1.3845163139185097        1.1367142682890705       0.92495789096981185        1.3448456481847995        1.1968925593970208       0.92291702480248294        1.3565275852055290        1.2903309102299314        1.4353561806421005     
  0.49713644235015864       0.24385803622546812       0.23456400788029855       0.16518959897478613       0.25254168441517111       0.73193500318383309       0.30743743610345997       0.46448128965418689       0.48511301259593215       0.24589113312667168     
   1.2439495454995735        1.4273588581125443        1.2052920816128356        1.1140509362880784       0.93546343765030382        1.2496071828047910       0.95459621904098058        1.3321644616208155        1.1171970076104396        1.1448542766507996     
  0.51369603493324101       0.26063240455018916       0.25101929358811825       0.17700321760133442       0.26489618400503478       0.73961785842553684       0.31330475373719635       0.48128855171220108       0.50074574337594291       0.26307245406745972     
   1.0340970621604988        1.2587906578628247        1.1137562562061980       0.82894306170736942        1.1308648536828838       0.91225558359999559        1.1087958524339190        1.2928476887359885        1.2791897634207676        1.3050748238543737     
  0.52969823648804970       0.27674151987539847       0.26672721733597610       0.18937577420803803       0.27872986531699567       0.74752696740163049       0.32086603059427138       0.49723114762449916       0.51664643576221903       0.27879324262126665     
   1.2147968384296071        1.3085093889269366        1.1441283741123023        1.0298783365072139        1.1953050086089272        1.3981593980173501        1.4369316611925793        1.3324413695322033        1.2233033537104294        1.2306339407050420     
  0.54479222995155718       0.29431313373071910       0.28138746567063877       0.20232385468390515       0.29269326869602724       0.75482272170645692       0.32866430891735682       0.51238086504990776       0.53252022674184307       0.29329948967444536     
   1.0897170921860344        1.6466439385096614        1.2378567788989787        1.2624678542878562        1.0913323185156498        1.0511089341497644        1.2237664443330936        1.4923086480699026        1.1158641587071267        1.1603269744081910     
  0.55933398472319851       0.31362772663592409       0.29627737147722516       0.21675987843423575       0.30936240532713555       0.76050980218824027       0.33587933899357264       0.52702458215996673       0.54852631951792541       0.30817228600447516     
   1.4436780690301689        1.4165428278071397        1.5109138251598573        1.1220923688129691        1.3841140879721314        1.0305472172948229        1.3293255649272411        1.3994870657759642        1.3523773013362206        1.1480080658041785     
  0.57248686421552797       0.33338342506345053       0.31171171830934274       0.23367822229787680       0.32649174967948763       0.76615590831153868       0.34294998585451530       0.54143690505284370       0.56433177283703329       0.32410157104979237     
   1.1758836670832260        1.0360185128519455        1.1785332828045558        1.0782517506929912        1.2724182730536633        1.1385706327218408        1.4588052609368380        1.2452377162586721        1.5379289400516161        1.0465226444060503     
  0.58498999304255217       0.35327930110073208       0.32849480849538876       0.25080907252966489       0.34204738595460144       0.77199431134200336       0.34977831259179232       0.55489712563408122       0.57968718660796148       0.34169052169648911     
   1.0105773252925581        1.2366919609910070        1.2628694562117069       0.97251683398536182        1.2220588091652964        1.3555099108239168        1.1169462263305585        1.2768090890069803        1.2182034078773947        1.2234032101899814     
  0.59795518616326049       0.37389794356799400       0.34518896599108578       0.27071676846126896       0.35725998639738343       0.77898309763673901       0.35654169619751702       0.56714639149572421       0.59430488836731643       0.35980657209896999     
   1.2067677024477235        1.2165151841003305        1.4434561990794792       0.93595569555871461        1.0995693923259708        1.0442112003676223        1.2500289901968131       0.94213065904679560        1.6016518808046907        1.2084072426601011     
  0.61107168699529879       0.39520779408551243       0.36159978509244556       0.29138398514134811       0.37415175309014476       0.78621009234502071       0.36273642270435813       0.57854748222755337       0.60867366492406239       0.37717615419994627     
   1.1885433819968534        1.4370633857105488        1.2851682056021294        1.3700204794485069        1.4822488509424463        1.1000336163764939       0.97736250074498843        1.0993924791059182        1.2272722062410681        1.2913961178728333     
  0.62457526313720846       0.41423659096624316       0.37891261944985244       0.31285593775028397       0.38901727176149142       0.79330564840340634       0.36905640394643791       0.58966488520042282       0.62218758696564380       0.39244842954219472     
   1.0959766883766306        1.2135090968238442        1.5393137858844970        1.0913792704063723       0.90596719362813760        1.4534214904289402        1.4693358727566144        1.3192797673121224        1.5010537494829468        1.1896767027172392     
  0.63800473239232036       0.42971695992251596       0.39619502021071401       0.33569730357344640       0.40255446572498349       0.80029487646767672       0.37636259961192048       0.60013417969444682       0.63537952239758888       0.40636057878092269     
   1.2092653098329738        1.1273266369978951        1.2418253825108205        1.3233592002300096        1.1060822575604892        1.2896694451090820        1.3081716968786894        1.0302977287487178        1.0151528742360365        1.3066984346667230     
  0.65050234930140871       0.44370021093590134       0.41253328215348178       0.36044778360380708       0.41742252943175179       0.80699016221393849       0.38353539435303619       0.61023086593593534       0.64892681077018122       0.42113719991721899     
  0.96830041112638443        1.1015395262218624        1.4819901333055128        1.1761268741400062        1.1103261201929864        1.3134521108304116        1.2868399490250633        1.1201974537706547        1.4722237461110022        1.1358971540686982     
  0.66259124321854834       0.45751500232077669       0.42807280603634412       0.38658380121148739       0.43460492568818188       0.81257082241056811       0.38934508364633541       0.62150559162161878       0.66246256800904968       0.43675214547009938     
   1.2307652388857835       0.99874005310927350        1.0946306416576146        1.2869360573428072        1.4943112921573538       0.91213074828912366        1.1066290023722520        1.1204693290886776        1.4682349555161336        1.5134018950184660     
  0.67402604078510009       0.47353185327001468       0.44264392920808304       0.41369030563840281       0.45142711867338770       0.81751754850348590       0.39591354322557376       0.63296006132803306       0.67590152888476296       0.45349207561599264     
   1.3189035930852993        1.2924753237336388        1.2820861850448351        1.2469734032022779        1.4885385196817849        1.1966707291388996        1.3090205943655970        1.1988833266998629        1.1940977235284560        1.0394074053941869     
  0.68524870754538081       0.49236211647108846       0.45747538791113523       0.43942469836064263       0.46696978080987905       0.82254401844927261       0.40233577756378808       0.64457163819117846       0.68899852085834035       0.47048164648944113     
   1.1117041987570211        1.6373604296494690        1.4091339152642173        1.2309813711141289        1.1693545505380214        1.0823614063917302        1.0822349978662229        1.2370078982406247        1.5415960362125525        1.4787213052302637     
  0.69688860704724331       0.51092346457688320       0.47314457621987988       0.46107110499817683       0.48147728916815641       0.82760158585699450       0.40857332616370912       0.65631026539540227       0.70139108252020876       0.48666309321452439     
  0.88819494993311521        1.5487427957540034        1.2349741778025813       0.96847798938092378        1.1256315177018099       0.98352017153001403       0.96879444191013742        1.1971044462901665        1.2189351066394507        1.0212117263090499     
  0.70886646946982479       0.53108336579248572       0.48822515231180003       0.48236004872053240       0.49546967329355168       0.83332968364593318       0.41501526752274881       0.66798082762406408       0.71346091607385720       0.50207636438131897     
   1.4997510190203855        1.1440561419739741        1.1612096181057732        1.0383771840836191        1.4357485025414514       0.93758520140608292        1.3076569505988949        1.1697023872760535        1.2902342141608971        1.3066266184630781     
  0.72071736502766492       0.55107656206528566       0.50342756531384403       0.50431502129794104       0.51019492309500292       0.83975799800644046       0.42166859782381466       0.67958148160655096       0.72518364625583287       0.51724163701175874     
   1.3446203285241478        1.7003072376218615        1.0882486502297928        1.0168876757716259        1.3552619554024476        1.2595330341608275       0.98545553011944387        1.1131208374707151        1.2123974315748478        1.2240984690330483     
  0.73204146204052567       0.56976670451266709       0.51869177484906326       0.52911982900755572       0.52581808542332908       0.84563330459204233       0.42859830207223726       0.69096801741468106       0.73621293737465565       0.53273868387199874     
   1.3211357258565632        1.8842181118769954        1.1605984438243024        1.1133798595609481        1.4189781383257125        1.6778093395790377        1.0376376214014877        1.2879735061011237        1.2778642665820872        1.3180208708405807     
  0.74275818375267655       0.58665745658631108       0.53362530983341772       0.55749197536475747       0.54117247838715377       0.85116057999618921       0.43555178081931534       0.70180026534815398       0.74576368594007103       0.54839335365569686     
   1.1212597035550018        1.1745880647540803        1.0371058559812698        1.4023943889253676        1.1847937766662340        2.2026723872212290        1.0693497940780594        1.3106543368175583        1.3656532129866719        1.1412198424287108     
  0.75304552307785178       0.60276918662718570       0.54842322371063335       0.58596187861844906       0.55661969587441884       0.85667427128637752       0.44296842206420312       0.71211675093127746       0.75548895939841199       0.56444521547787896     
   1.2115787967191940        1.4505861626729639       0.98200858098255228        1.2963439446190959        1.2826231984825691        1.1653097177452361        1.4285373544515834        1.1270811387874182        1.3219324204371166        1.0446027580979043     
  0.76331158143142364       0.62027706072480171       0.56375762924424333       0.61139080763928721       0.57266635270900867       0.86203366129639836       0.44999311938144188       0.72194927435457790       0.76509754255387386       0.58080760189865832     
   1.3436025144574244       0.94264814256575291        1.2881736612422694        1.1900978075015174        1.1327211912408730        1.3557147437629369        1.3032145807230286        1.2915921578079030        1.4131354294036684        1.4905293982192924     
  0.77377687302610565       0.63924691130674494       0.57968833846946177       0.63497545175304615       0.58949700329924859       0.86713691600835785       0.45690040904184342       0.73139505615627753       0.77461102791920178       0.59720300753709554     
   1.3194637727939229        1.4686465526529060        1.3987943865563512        1.1184701908809134        1.5017929096161005        1.2517374021395353        1.2402416018353404        1.0679055367233186        1.3156879663338659        1.2448868788782514     
  0.78428509213247843       0.65857559000111554       0.59633630739198840       0.65690541507364797       0.60574428935319935       0.87206182640583185       0.46358644211648009       0.74048725427691819       0.78563351222423583       0.61347173573213509     
   1.3072433282558384        1.5581012005157606        1.3184598745763922        1.1385068853623057        1.1802402300270387        1.4257684135650261        1.0148284692583693        1.2512184301889833        1.4164705208525961        1.3132688624904876     
  0.79447035729999615       0.67703941917068400       0.61333107589326719       0.67810733067313700       0.62199573593491497       0.87682977275917351       0.47003895846697957       0.74953455607917185       0.79724780283134611       0.62945992484982616     
   1.0515310567436917        1.1562457766895740        1.1163605318045986        1.0511100500986696        1.2114346806256191        1.2365935361067699        1.1638496503173348        1.2742311256403356        1.5601061132540617        1.4177363802847736     
  0.80411449592834339       0.69421500111529710       0.63027781108112546       0.70157132481634832       0.63853905973321035       0.88149655271436000       0.47622684255377112       0.75858121872200179       0.80780412138118696       0.64556093289525840     
   1.0277271983842431        1.2540998896239022        1.4688163909044698        1.0896828301654600        1.4275145120181449        1.2207391510290790        1.1566049954242574        1.3680509508071523        1.2011783864202972        1.2064783284564338     
  0.81356095002346696       0.71071622853328842       0.64767382319352640       0.72495426176624667       0.65591016949048397       0.88612048964058721       0.48240969085264734       0.76828591214181785       0.81762369553937442       0.66228684914514835     
   1.1055470287354248        1.0390746610492934        1.2343810583779853        1.1787143998079006        1.1311328184829847        1.0310777679397205        1.0532980920119130        1.2122460441803220        1.4107424113221343        1.2880367152330476     
  0.82327529493253115       0.72712296968038725       0.66578135753974010       0.74683465640726376       0.67276064548847936       0.89063544001156925       0.48880611965427023       0.77799413189890387       0.82694290808943061       0.67945339403086891     
   1.1828054681616456        1.1225523981361103        1.6743246945401828        1.2682452960769390        1.7319363835991948        1.2913288669306369        1.0251752157974445        1.2587852260547476        1.1681344690542215        1.0510915916382024     
  0.83319146349833284       0.74349804199713010       0.68374935431682327       0.76697165777142517       0.68839792663742427       0.89508741401408043       0.49599760804148829       0.78739563650211675       0.83645911871807721       0.69680590799527242     
   1.5430203659456130        1.1160107544723170        1.4494988285177755        1.2735801198462184        1.1522166501534632        1.0575737497805491        1.1055294755050074        1.3286230867106557        1.0239245493827311        1.3562785934933981     
  0.84308613948570155       0.75962443000783653       0.70156634745433999       0.78549418145161520       0.70357077785622213       0.89962705112027197       0.50429374404976912       0.79636058727820569       0.84532034661830047       0.71345961770260935     
   1.3083075158495421        1.2222108590025880        1.2822221077110636        1.3134583774804509        1.2642425778749338        1.1315386384045616        1.4728208644553840        1.3613904436049764        1.2057090597061175        1.3907830775021519     
  0.85277208174113761       0.77535581499469963       0.71933198505061480       0.80265704994546605       0.71932765018441047       0.90432312137397508       0.51328903845872575       0.80495919520780712       0.85130216415815907       0.72911221549158134     
  0.96394691304971836        1.1689458397830761        1.6359200971932779        1.2938283388557852        1.4764956139868570        1.2636100237883208        1.2662354321449201        1.3179059666482398       0.74277136818082334       0.96256278719568245     
  0.86104694828917794       0.79024843412500423       0.73715279819107637       0.81949320506634671       0.73549776422469915       0.90912509881264214       0.52171021397321282       0.81368492723718844       0.85682211503296035       0.74597919028090254     
   1.2676529382597128        1.1082363542459934        1.3212761466222716        1.3670429104988264        1.5704090005623379        1.3449204990613455        1.2499790635626178        1.4345858717717972       0.86258324021912069        1.4979238665707941     
  0.86877619942724349       0.80398825621039438       0.75504950023284256       0.83722917938866326       0.75124215550315820       0.91389331871357904       0.52873716105093949       0.82299292442644112       0.86295117300594193       0.76311693181923768     
   1.2436496317852179        1.0767162689820911        1.2711103981764507        1.4108504398926331        1.1235178863637147        1.2723236281461976        1.1325284792983785        1.2590533359705127        1.0821942462502072        1.1351040885606327     
  0.87652098236401055       0.81735981093907695       0.77281495409828704       0.85477321470706424       0.76674711867147194       0.91868441954538616       0.53540552062601476       0.83189044771372900       0.87011480876583502       0.78019349612334465     
   1.1369335422462385        1.1188028503240099        1.2885021815796043        1.5007913376884596        1.0484024081118881        1.2432897668652090        1.0050186382673609        1.1258705942978098        1.0269536865770781        1.4409774641848614     
  0.88460583348539801       0.83103022866336640       0.78969362879279825       0.87144005348354214       0.78223030479117650       0.92331808090404366       0.54316291753929313       0.84021786051570058       0.87887134545527412       0.79626008688542183     
   1.1577148908830679        1.3458527549816552        1.0195065361490032        1.3314268113827057        1.2495019241437451        1.5054009989567296        1.4002725361353952        1.3954909798577184       0.98458947295631027        1.4958061373847571     
  0.89412453005746406       0.84455912854531634       0.80565025138497626       0.88669883316564790       0.79777830422072338       0.92778455660293524       0.55200670603399005       0.84892285050106620       0.88734701453280695       0.80983443825306511     
   1.4528001627097682        1.1935812085752799        1.1748864650784483        1.2426240711130876        1.4411550650556080        1.1948016461139086        1.2635360651761456        1.1089567166355461        1.2445334417446221        1.0847056086028815     
  0.90276081429533461       0.85746130692787315       0.82146260570706653       0.90034468238048615       0.81317607362352751       0.93221184522611167       0.56161434583080472       0.85704075904960597       0.89584825504898491       0.82221099901793471     
   1.7729673870384268        1.0133629778310018        1.2548452507984869        1.0970021472071052        1.2983994490293762        1.2427139367512570        1.1644271794660275        1.1727120842729846        1.1187157664019085        1.1637053274648526     
  0.90930644673454819       0.86972041447632076       0.83782612201186080       0.91288654975759820       0.82847746937237476       0.93677724265207518       0.57219949336065790       0.86516790724727710       0.90502066911692225       0.83491612657539216     
   1.2070230929557442        1.1307603408574758        1.1584946736365174        1.0338558728879335       0.95300735112428347        1.0876211587450915        1.3957916447820959        1.1363392803078793        1.3431734332571172        1.0740504975584231     
  0.91592704016023174       0.88179090993777054       0.85543406107759823       0.92471960941655229       0.84380974944461951       0.94145599693941873       0.58369273849918724       0.87453555808094152       0.91448300293722562       0.84690306885150235     
   1.1289559086087662       0.81786522903014014        1.4058929296911042        1.1492818366016895        1.4789054728083604        1.3609183863995227        1.3182977995300320       0.90455182603811146        1.0757032902720960        1.1454209413599583     
  0.92238190856890445       0.89394018957073906       0.86989723403459718       0.93585431743537895       0.85855073841796359       0.94621308408077698       0.59582663663808766       0.88439299853948883       0.92359639249272940       0.86243077359886866     
   1.1422151504957800        1.2200745200317953        1.3147794404829520        1.2739752289692932        1.1880695298880308        1.2682729802404575        1.2025018926617330        1.1777082454352081        1.1451155559230934       0.95959008472582563     
  0.92948318898986604       0.90608145269689522       0.88262168930533202       0.94607080953555744       0.87201284694700087       0.95048792128270154       0.60858572979761794       0.89504149155405444       0.93254727518708558       0.87879612733338763     
   1.0475028096238748       0.91618701005354097       0.89656080726688314        1.3984379149884845        1.2385312855014614        1.2012563076923337        1.2453291259254937       0.98661172929006657        1.1914101714545697        1.1637780875501738     
  0.93755439524521245       0.91798035124131128       0.89493220310363664       0.95509845239932734       0.88643932012658089       0.95476603252207060       0.62218118900769692       0.90584212122006358       0.94138408991646372       0.89463297181605139     
   1.4592587987783652        1.0460506791209321        1.0416763092763388        1.0921145636494509        1.1812613340472518        1.2448031180266126        1.2190897701921006        1.5032904446168427        1.3288258430172717        1.3849394028227042     
  0.94592663911828223       0.92938615441019101       0.90698742245334862       0.96306067605884060       0.90156999148815453       0.95934693640270841       0.63739675422052922       0.91696263286852575       0.95004850220487302       0.90993271119995800     
   1.3449588123292169        1.2464788762300727        1.2819245932175085        1.0914917012823107        1.2804856552454507        1.4140402221239277        1.0438224368080817       0.96728107262431073       0.98791078719834258        1.1221067414757984     
  0.95448729076698535       0.94126423905712664       0.91947625445944281       0.97033091576058494       0.91713007201850605       0.96414370007135330       0.65429923709657734       0.92840719673324623       0.95842395521554069       0.92566440288485630     
   1.1515561911565511       0.99181325621482785        1.0964455803679876        1.3052473818752763        1.2142121772588028        1.1753304123568238        1.4273623319104829       0.91500525959396195       0.99077393524093860        1.3807299153509840     
  0.96303411767129732       0.95303464592630338       0.93457086268431611       0.97717207358936453       0.93277117132449761       0.96841537144900836       0.67170123940162474       0.94062823333574475       0.96664834917473574       0.94178474670287038     
   1.6706664295313745        1.1290569602046341        1.1393582088781333       0.95032506159802377        1.1812011459773910        1.1158112960476185        1.4222128892436090        1.0693168176638868       0.99661419112065219        1.1236715286377483     
  0.97138845574889598       0.96477714219372601       0.95055626396339088       0.98336856013100671       0.94937708985699643       0.97357196292206283       0.69864625856965823       0.95351403702469162       0.97502565196516155       0.95794516906814253     
   1.4480275831651361        1.3641567257644358        1.0807972166248589        1.0033206676349078        1.5002629054595076        1.1546952032622750        1.2356054010121922       0.89098776256159407        1.0681744749364221        1.1416910484554512     
  0.97934958051869803       0.97648079487913131       0.96751830667273397       0.98949530689040965       0.96554217484736082       0.97948927861927626       0.72825976237736667       0.96739804809762742       0.98374726909150145       0.97279782164945128     
   1.8166061814477368        1.3226267967548175        1.3215495779505042        1.0786977431500815        1.0870886698353366        1.3107292503108816        1.1875448463371090       0.98584130468997200       0.90949708265136142        1.1203124983557382     
  0.98931670614373635       0.98815244737216101       0.98339321662762591       0.99483008151099039       0.98335883510727151       0.98821114689298051       0.80931360406283226       0.98298335170093731       0.99185158950624452       0.98608223594567390     
   1.8184604702797467        1.1676819710662125        1.3172101433377403        1.1757629816604971        1.3103655753593682        1.2269672469605550        1.4683877439910631       0.78900677467430125       0.97291332410104892        1.1600892439373720     
   1.0000000000000000        1.0000000000000000        1.0000000000000000        1.0000000000000000        1.0000000000000000        1.0000000000000000        1.0000000000000000        1.0000000000000000        1.0000000000000000        1.0000000000000000     
   1.1662348978534178        1.1348707540071779        1.1016050861856896        1.8330673801846560        1.0082311085289601       0.78371381362377734       0.89442537729467086       0.80801652656774370       0.77690083127929999        1.0600301295225232     
   2.1511350229587740        12.582044662998227        16.138085793430573        13.180146675017891        5.6649894221177792        0.0000000000000000        7.4472574489104266        8.8583674264064598        9.0729856953686454        22.583313929817496     
   4.0484870051881332        7.7745804002912315        7.9804627828681971        1.3452909246629949        4.3678852535967128        0.0000000000000000        11.164215580533750        24.530225280948187        9.4451211810915563        9.3908405562573734     
   6.5491141099917769        1.9296805695871240        10.388772240264013        9.3964815752958675        8.6851881017657746        12.637118672319344        8.5427696422324662        7.1513987374052359        11.228641447566366        8.2092271220158413     
   9.7401862681440239        5.1319228320365848        6.6774500434260284        4.1992844423376292        16.423846631138971        10.559586696543327        18.077198665923692        6.6248786897260690        9.5363222491596549        12.018019341413842     
   8.0272662261676846        8.9834638595479337        18.292347743509573        3.5297333388206451        10.292568596565102        12.216219440683048        17.861435556333664        8.6844998599958600        6.5692724912449680        8.1322785324097531     
   6.9944579659577144        6.6028157692539979        7.4467310832260001        3.8975484511189857        10.043151661118744        10.234099568852169        6.8691734347681033        8.3769140685340560        11.378186978879512        9.8880513692043372     
   22.587758211309051        11.050328964782286        7.2196840682217998        5.2609309648383515        21.832455862790965        10.447112805508096        7.9494312737645005        11.381915235657688        10.781398724338830        8.7561405187338899     
   15.606252080764310        22.539851081419304        8.9120403354118896        25.075549670841010        9.5997917697208095        18.128448500490236        8.3301744188266600        12.703752433921352        23.151314699216833        9.2819166217699607     
   7.6719531956142367E-002
           1           1           1           1           1           1           1           1           1           1
   9.1082414180755009E-003   8.7268732723566247E-003   3.4436953373263687E-006   9.8919166968523591        2.1331166255247251E-004   2.1659769115839350E-007
   3.3906134639855414E-005   3.4316669530605384E-005   4.9218414589713641E-006   4.2161332092541887E-002   4.9208210975991955E-006   2.9791502884547173E-009
   5.0000000000000001E-003   11.066843670445941     
