   0.0000000000000000        0.0000000000000000        0.0000000000000000        0.0000000000000000        0.0000000000000000        0.0000000000000000        0.0000000000000000        0.0000000000000000        0.0000000000000000        0.0000000000000000     
   1.0282224488469070E-003   5.4697989303114231E-003   1.4355598628934969E-002   1.3732956548059172E-002   1.7556673415575794E-002  0.32837594088680949       0.15079318173674544        8.9251880786523505E-002   7.3831418814540528E-002   1.5628802073151201E-002
   1.8715392387732479       0.90627735930187248       0.89303713593306289        2.0611137864331108        1.0975623107408372       0.72070638240333285       0.63805946350175213       0.77954160635912306        1.4993853632260883       0.98314099771915964     
   2.0793178649905746E-003   1.1078518797443600E-002   2.8368974469171925E-002   2.2606265888697238E-002   3.7134913879909429E-002  0.43371951140729292       0.23081274139808572       0.15582989855637472       0.13024901075059045        3.2096579275367597E-002
   1.4106195732804450        1.0751862816757805       0.84280201391113829        1.7636896503859929       0.89360477421820361        1.5247687541298098        1.9671222936971262        1.2828053043499075        1.3380682794127816        1.2564669642333270     
   3.2153360666846058E-003   1.6470298135852698E-002   4.3226675460191467E-002   2.8713059698446661E-002   5.5804587304448955E-002  0.46684199324095144       0.25233218143350988       0.20270167592826105       0.17307708988478343        5.0186685450482806E-002
  0.99087762252395506       0.88535463686782068       0.88727322615552962        1.2871579512162783       0.83948560780899673        1.0436237626334730       0.89556775967909574        1.4548591463080141        1.1424489558193023       0.94169592603322250     
   4.4593913649842954E-003   2.1773233499871834E-002   5.8147928577518680E-002   3.3994696727686201E-002   7.3850615036059247E-002  0.49567755638598837       0.27093812002661549       0.23882662982723493       0.21365921124750548        6.6230965622299159E-002
   1.2287749557548862        1.0125397159332545       0.80463310493648499        1.0231855684425180       0.90867032651886348        1.0587310440854032        1.3349213804365190        1.2273853871609059        1.0805815963503456        1.0090406229218156     
   5.7301555747707872E-003   2.7466157266897367E-002   7.3028159811209012E-002   3.9191342933612976E-002   9.0299330869790750E-002  0.51514334846585785       0.28307697449315833       0.26766667604358685       0.24740460800742323        8.0644387681088239E-002
  0.90667164845271575       0.99783093192325989       0.81201711320564585       0.98502717084613578       0.72861360833910316       0.94479664510419969        1.1574362865927881        1.1707348003747033        1.1486303590861546        1.0334039542332303     
   7.1024841170911224E-003   3.3148223147917384E-002   8.7892004394658010E-002   4.4833905004766160E-002  0.10745663368511130       0.53367742709056898       0.29426727834149446       0.29509929127824597       0.27866720678957174        9.3456762745849381E-002
  0.89466459579941526       0.76825769977076774       0.83098676686698569       0.92193524308288943       0.93702126411207343       0.98408472788258072        1.0122817699301079        1.0445030016468662        1.1606715483838781       0.95583991872237795     
   8.6957545654274184E-003   3.9201276743736892E-002  0.10295966414034044        5.1315688750559155E-002  0.12558642034458634       0.55077363001698543       0.30406570530479426       0.31843526656186000       0.30779292172287548       0.10836569575571367     
  0.83217087435439518       0.98982224504271954        1.0318849627437117        1.1258126354260447       0.83017601500214833       0.91458054126838573        1.0702502020925269        1.3019872866883120        1.1178548317055541        1.0402699562516460     
   1.0386164050872674E-002   4.5562435294889563E-002  0.11882752291864440        5.8013724232635025E-002  0.14320017636194510       0.56789751428872337       0.31299594036382578       0.34208706212053636       0.33596980023361700       0.12369436444708327     
  0.85919764926508857       0.91816133005645706       0.79047569802991025       0.82734345233038820        1.0626728643696084       0.84221582082939517       0.87578338533099109        1.3225546351508164       0.97027285052337398       0.82974478426979081     
   1.2371790779174222E-002   5.2005383321630461E-002  0.13301301738635993        6.4150043037003571E-002  0.15905258349835305       0.58184057385840993       0.32108518958728649       0.36379628579817974       0.36251782430292351       0.14046907010801465     
  0.85489675996142145       0.91358798267215358       0.99957183510075120        1.1293466951588325        1.0412153906947819        1.0348970471556063       0.97148810753974335        1.0498173474178654       0.92093681581702880       0.94624604777699761     
   1.4537167441464537E-002   5.8563666974029135E-002  0.14731406285147072        6.9921648287764565E-002  0.17348496210599948       0.59461099799270478       0.32883728278371094       0.38251954210270689       0.38886823044386237       0.15753165662831237     
  0.78955443159024341       0.78109031299061016       0.91860202724666584       0.86412390895033186       0.99532448259832185        1.0048685026106408       0.98030888058878285       0.97231755239519557       0.85636249275148868       0.86321850804484057     
   1.6984765870188174E-002   6.5463203452904892E-002  0.16120783482538409        7.6018032299250748E-002  0.18830803019489478       0.60698455497519499       0.33667118271139007       0.39897765072118546       0.41256816952257047       0.17420933728137994     
   1.0123281778569206       0.70398380414058226       0.82365244903271229       0.99637946815772860       0.92325548380434463        1.1211973289493020        1.0681477307453016       0.88873919157493042       0.77123515360429917       0.82392218384359406     
   1.9454052234875337E-002   7.3069132464203101E-002  0.17564614393165298        8.2598432053814091E-002  0.20310546989106396       0.61923329807048821       0.34437846494535068       0.41620811733187058       0.43511114050294558       0.18883310676246093     
  0.88090712211562028       0.91109649849297325       0.99160347918262826       0.85893808934794103       0.73016676672899050        1.1067631356112746        1.2221595844725746        1.0837485143550247       0.71940807155750464       0.79705213990432167     
   2.2100438260366780E-002   8.0219195828708512E-002  0.19091442726464944        8.9128723969062545E-002  0.21806392401514613       0.63220414828138816       0.35136436139510502       0.43337623821970639       0.45529666851654760       0.20348810591874178     
  0.84290928073645854       0.93624586897532935       0.92914032375932787       0.78256462097341717       0.94616918628291302       0.90584543990988953       0.89725728999766630        1.1870868665597809       0.89493072036325783        1.0833284892588593     
   2.4780731098225935E-002   8.7424107152138483E-002  0.20658911734390600        9.5953931770360393E-002  0.23337497122527592       0.64420974669456221       0.35796670166077926       0.44990608104088398       0.47668867459113279       0.21870200830376380     
  0.93176407691520935       0.81655852900974391        1.1097572274981578       0.88142219106617914       0.74207525053481815       0.93918317614874680       0.94567744188661973        1.0956091325898356       0.72200801801959613        1.0304401754591321     
   2.7467901313168772E-002   9.4887860440186669E-002  0.22257374495855145       0.10339397598486638       0.24938090793963860       0.65531832932149903       0.36413692144444249       0.46552780139083699       0.49815929621516741       0.23335534027360758     
  0.81897751241576433       0.91995594759691190        1.1300000814581406       0.99315061961540896       0.93268518597124006        1.0434788573119842       0.87425069787033061        1.0103992742384562       0.87860104624975477       0.94587978000669137     
   3.0244077131804260E-002  0.10274969320882238       0.23788839262088099       0.11070584411492820       0.26599902617977383       0.66464043808580431       0.36993883610501321       0.48086714488268972       0.51835724144936501       0.24904750222598132     
  0.79098805109239645       0.94645744576994939       0.79861080222464043        1.1370131344502472        1.0961962066599853       0.81817634603539702       0.86944616221623916        1.0066516841672792       0.74739603937342547        1.0419456344905620     
   3.3434093696563874E-002  0.11106039665446457       0.25293248315129679       0.11802248206044796       0.28221377284333504       0.67356546072213330       0.37565750495253653       0.49429593516526132       0.53800350224214455       0.26507217721262921     
   1.0939226132049400       0.98631115871056152        1.1473531123397864       0.95458334105380971       0.86671024566646548       0.91366890684635693       0.82425478804894825       0.82516149284809714       0.79151055975250628       0.82172184054601694     
   3.6919395756847516E-002  0.11953545249231694       0.26827781347482665       0.12561249418511367       0.29612681226851378       0.68201031542351231       0.38082186842082671       0.50503858697246540       0.55766218070412155       0.28117232651266566     
  0.66821669752803647       0.91563085592180959       0.95963687824669386        1.0022063640161696       0.78969486945543843       0.83191413335789111        1.0256108793735741       0.83103161079519750       0.71190124593367654        1.0453436774782390     
   4.0796810757530257E-002  0.12853950899775163       0.28414509020206680       0.13403172630527710       0.31099978569447462       0.69096846616962881       0.38559635327199854       0.51515042542715428       0.57629366265449911       0.29705135122637738     
  0.89356842824663751       0.86727942298137517        1.0425712925059556       0.81478312014902754        1.0742524540495328        1.0063432289398291       0.73164984844957892       0.85958046139715738       0.83360877808919820       0.85145067135245822     
   4.4872828252244742E-002  0.13779299215601615       0.30026299697285674       0.14225353545997896       0.32702253322074765       0.70084120614533940       0.39118446914447652       0.52604386009651571       0.59442174820536220       0.31253353287579122     
   1.1609238821452696        1.0136946393129096       0.86259005744915984       0.95554559147602491        1.0837239651548880        1.1203992526229067       0.93201479091179740       0.86879938149642622        1.0823179882113967       0.97945602006385379     
   4.8926902939674645E-002  0.14709216229416894       0.31433409422984548       0.15031932196664066       0.34378812321939567       0.70983664319915607       0.39744747645370976       0.53785074003133793       0.61292917731230201       0.32733080753560573     
  0.77436945007849001        1.0798065184792685       0.90288073223854903       0.94144229333138929        1.1669582951904747       0.98526932066901507       0.94314068865775824        1.2944055637760026       0.79948839769778735       0.81595023029458125     
   5.3459405301209233E-002  0.15637022719593308       0.32678506152876530       0.15817221458915437       0.35927768639570434       0.71873393263590979       0.40441101189312190       0.55043170128088470       0.63097076241526562       0.34199832600279029     
  0.89505442777907063       0.83174996648508193       0.97200475571451417       0.71966518839483817        1.0721286543015862        1.0022813522838612        1.1278165014367736        1.0000295706414863        1.1398871961385177       0.75891883631957358     
   5.8662244175826869E-002  0.16658674248316341       0.33920386550941251       0.16690717004471825       0.37461667763548279       0.72673529346301180       0.41110916521360824       0.56354152506457755       0.64783385734189347       0.35729943668186892     
  0.87260602978087221       0.95150515890393372        1.0995977231828287       0.99799679544272069        1.2094500787690947       0.88345111932597653       0.92844926597274835        1.1217655012564614       0.67599973484192710        1.1139328152601240     
   6.4360383950069253E-002  0.17685995853383324       0.35275696447091870       0.17550588009078708       0.38988001614867163       0.73315318312143052       0.41771016234224240       0.57641020373015828       0.66360894745370003       0.37277640551220242     
  0.83200274863322043        1.1245940047181178       0.92371234094518073       0.64304999276038066        1.1824774760670860       0.73265415819954427        1.0223530574019670       0.91486237935310444       0.86778063405398975       0.90480367065128586     
   7.1540788548349055E-002  0.18669612350799492       0.36702685598065121       0.18425262812971074       0.40454335255266044       0.73951737860262778       0.42426677973733962       0.58877093307409267       0.67880310970675928       0.38848278355076576     
  0.95587161991295555        1.0297547436210577        1.1009394702275603       0.83023800020600147       0.93730450491199990       0.79974288320775333       0.94724254991592582        1.3571049656675622       0.90895084344213961       0.93844339552805256     
   7.9006815169529052E-002  0.19572032385997037       0.38378968743613473       0.19457850645806429       0.41798191042884714       0.74515351052473866       0.43051492181234907       0.60140214118919844       0.69318312363245616       0.40499221586475148     
   1.2266996453389363       0.77893558619479031       0.92223579322152793       0.99569593943208323       0.81564524444099040       0.83305037488447020        1.0454615755041090       0.82503868113251944       0.61391001780261301        1.0115359269180590     
   8.7120710475068669E-002  0.20491779895228127       0.40254746852488837       0.20616683553924847       0.43023124496662235       0.75168411923026435       0.43679054566423192       0.61429335369188975       0.70692256455217017       0.42152996534373333     
  0.86370384488793372       0.76319899083978304       0.89874805889002851       0.99333591595220727       0.89762953492465236       0.81423398945564862        1.3076169425503537        1.3049912437440239       0.86402338642131937        1.0797633849580384     
   9.4978893749384896E-002  0.21487428771490011       0.42035929187253868       0.21737871194536446       0.44207180307148569       0.75884225322260179       0.44308422136366932       0.62694761263438059       0.72074677878111093       0.43738468065795594     
  0.93454762955668502       0.82282625321282676        1.4478981560907904        1.1184274945706831       0.83597951949406080        1.0401721871085365       0.99246446919356268        1.0657015732143955       0.71336009374108589        1.1451399217246458     
  0.10341122984222043       0.22412477113461080       0.43658808169985586       0.22836968312715966       0.45422060767700284       0.76570377085652386       0.44874531484663621       0.63988372161080642       0.73465197850568142       0.45305735131453551     
  0.85255025026600495       0.81387028802248462       0.94817897569451548       0.96590014036486327        1.0266528970112125        1.0037419910067840       0.99232996761393188        1.1281309180786463       0.93260550998461555        1.0814139815786974     
  0.11237058716914713       0.23411952647391990       0.45221703232346655       0.23964957624764605       0.46792043098375896       0.77270850996318785       0.45446598532930577       0.65191194289345944       0.74844949766021751       0.46955009322144764     
  0.96184600257125186       0.91310180311252653       0.77649257670865235       0.69489798426926630        1.0228636309003862       0.93567025117293512       0.79714675022930603       0.71507145289894125       0.86999584126308627       0.86782118417377785     
  0.12201468935653885       0.24415824368490813       0.46576034111792858       0.25221696003386718       0.48275318008882473       0.77961392166529742       0.46031073448464860       0.66349323306554975       0.76185594224830588       0.48606332648994743     
  0.85961447720739348       0.86686130726005495       0.76646343881521950       0.92082254845128941        1.1101301406530906        1.0129103286799144       0.98874059909774115        1.0308375780260952        1.0329020479207418        1.0914040077062974     
  0.13236391994035451       0.25436492533175820       0.47986401451460081       0.26513958754308270       0.49772504032315595       0.78648201614554036       0.46614615270688953       0.67455690377632538       0.77441500790210482       0.50151819015436128     
  0.82588776921967233       0.84341037288205722       0.75638824973186869       0.83784295864059111        1.2515858507925643       0.97722955094308195       0.99906363428276823        1.3093357658958389        1.0395654175968614       0.89721588849160350     
  0.14378988138975418       0.26443040064552809       0.49456095223366331       0.27796319773849115       0.51238739802401778       0.79376442823989724       0.47258727190297484       0.68482675680298144       0.78572240703857432       0.51687779565562164     
  0.70873533331753535       0.90963930701221207       0.80572316103047492       0.85460088967967807       0.96931872646234563        1.0058990234443725        1.0251597962433163       0.86784075137817807       0.99921805560930221        1.0975463211098264     
  0.15661351913592120       0.27466722303636121       0.50916602726204807       0.28970355471246867       0.52660547736999130       0.80099223948759257       0.47929352286697030       0.69476514824770164       0.79635512801379971       0.53280850738071728     
  0.94079644242938187        1.0717735978771339       0.83624773339238145       0.94065670426999437       0.97541186018130699        1.0446136618998310        1.0915626307741466       0.82122152512757207       0.80083301933934159        1.0033059697005167     
  0.17164786840037266       0.28656411186627467       0.52502683702529807       0.30146843273943946       0.53907623838991459       0.80765097551913723       0.48615294791600827       0.70370496609166189       0.80725527733952418       0.54902289936656579     
  0.91921824010831077       0.81377823702306706        1.4119075209942686       0.83660592750395590        1.0143074939570154        1.2633906365023402       0.97075687941526378       0.90516496650058320        1.0007154235572617       0.82386197667101291     
  0.18885030224562743       0.29926558496945305       0.54189361669069946       0.31345512724840635       0.55042795162231384       0.81386229048783598       0.49323636277624688       0.71284484155845518       0.81781124095994095       0.56541391250880413     
   1.0649718902351013        1.1053154220406212       0.97402191859596909       0.87311469165544253        1.0406388861413214       0.87511878747612404        1.1816261034897264        1.1437461486822900        1.1315360938301848       0.89783940274989305     
  0.20676163892592664       0.31344876136072602       0.55887737948353811       0.32651179553921728       0.56178482710536248       0.82030136950761190       0.50002910701404479       0.72282275130864981       0.82763676221717664       0.58092996339774905     
  0.92005736882534284       0.80498118937899876        1.4391482982389128       0.89961350980717936       0.87650138581675086       0.99305734818575908       0.92350047990559370        1.0513753618790931        1.1295424531655820       0.95436705059309512     
  0.22478721872675050       0.32990691554555573       0.57602739740969067       0.34083352982397408       0.57474042271409731       0.82683329342311163       0.50673557337445696       0.73346860260897306       0.83730023439311019       0.59679542148073006     
  0.84246405496055476        1.1746395807044201        1.3776014606451785       0.77293699282954387       0.73715845237409539       0.74033227349378028        1.3012254816957398       0.95594157260554269        1.3252030567885640        1.0697989657719296     
  0.24395668745973870       0.34581521196844273       0.59339185232916991       0.35555984504149146       0.58847428535430191       0.83312617248993026       0.51353449684919228       0.74442921950648300       0.84657984772692130       0.61319807178426644     
  0.79539098533896846       0.95049516497485187       0.87230922142754319        1.0150881776545135       0.76938507303968073       0.93625027846744380       0.97499480566478913        1.2990737668531209        1.0623964187560240        1.1834091600896892     
  0.26395961010289931       0.36113770728431799       0.61100684945585304       0.37071275070509191       0.60364268569052615       0.83897901438610534       0.52026107673426480       0.75445841325256202       0.85510015853280907       0.62933037766151989     
   1.0515164449871996        1.0537693936447359        1.2421572694213745       0.83938205876962235        1.1879919591427048       0.82332500966574051        1.1914575589184664        1.0590274807850102       0.91200834057707436       0.95686640890495278     
  0.28517210634160445       0.37655851725706135       0.62842245074779146       0.38697896029038736       0.61923796469982062       0.84462013193486418       0.52697027212640668       0.76380066348675146       0.86294607434738768       0.64602282154497748     
   1.1630342079188594       0.77157556470077615       0.89180504837079122       0.94496318389523459       0.94528063729941847       0.85994713640575748        1.0301515937768697       0.78625011353837537        1.1398878114768660        1.0993619394338059     
  0.30906134515421024       0.39200777768050887       0.64556616424867042       0.40399459490560069       0.63417746092347849       0.84977597326409693       0.53360309182227428       0.77303292612423469       0.87058485861304169       0.65969074484403589     
  0.95556807416038914       0.72384285919850910       0.97490848268445007        1.1746651538815476        1.2699746440091615       0.87147760879077318       0.84316551099608561        1.0347514236947073        1.0249918230500987        1.0415838784177245     
  0.33609095290437935       0.40667883984861336       0.66178265636158595       0.42218358401115519       0.65043851072669290       0.85492559313187844       0.54039444360845212       0.78210220024658628       0.87816666665178222       0.67275914172355356     
   1.0564342485451688       0.79687431137480291        1.0201265941774589       0.90910098081718127       0.94382517993560788        1.2305583854443316       0.78338984764606689       0.95473613307902960       0.98976362189925648       0.84215350305385805     
  0.36188189811950444       0.42076090601985755       0.67649632036492868       0.44059081797534022       0.66685173629939465       0.86039268852857598       0.54657331267610365       0.79196774429920158       0.88574676570474420       0.68515819007823842     
  0.92519949515280486       0.84658694069202378       0.91115858666422600       0.84356352456664996        1.0917632562646511       0.91248367997271207       0.75216180067570326       0.84542945188525331       0.91217984892038662       0.83772174322957460     
  0.38972505622640513       0.43627648570623234       0.69117399527430168       0.45861230044528417       0.68251410199636608       0.86627371812306153       0.55354907361411010       0.80140436705440721       0.89276656353865080       0.69945489367672531     
   1.1641960391304724       0.94169070006604749       0.89797688879345494       0.95820447661412511       0.99836640382461039       0.93882854107693503       0.98172717960960165       0.89472886203754065       0.87951061217652915       0.76428785389644949     
  0.42189336131689109       0.45385316322032559       0.70580024020120713       0.47617073619430755       0.69809999028582026       0.87196619758746940       0.56070105704688245       0.81064999662473392       0.89920933448310636       0.71619353729496726     
   1.4570380998284034       0.98028242292747148       0.85948073616001075       0.99459777691566065        1.1084789011323291       0.88842355031444864       0.96471232165447962        1.0094185279750658       0.98199152109527377       0.88939232581493910     
  0.45758741858396351       0.47512874667414368       0.72034598595223398       0.49407194914669306       0.71418318686582827       0.87738714902616366       0.56863056753660512       0.81985819384492209       0.90503559098015096       0.73330886168165399     
  0.98695749329218174        1.1718048816422237       0.97767067726155377       0.73677023343587611       0.83577556288206145       0.95121468725886338        1.0560047855272543       0.96787174392238717       0.93632709376446288        1.1819667239627645     
  0.49644684832586222       0.49861745360328807       0.73614801706397437       0.51352639815225876       0.73099537779869217       0.88266108997855430       0.57640093313885088       0.82914424074823290       0.91053472616012354       0.74921685619237999     
   1.2551483206734699        1.2037142636798739       0.87591260240271318       0.76862207658259607       0.97548826928810017       0.81174714624565181        1.1141608066416293       0.87728618426119731        1.0627927233253995        1.1724423377122550     
  0.53734655983226831       0.52261064919662692       0.75250518512514952       0.53582149292980397       0.74852104974531231       0.88816147300828596       0.58431749823385548       0.83835691606084661       0.91637059306673463       0.76406886810273844     
   1.2366685683314385       0.83220689405688775        1.0236672545491288        1.0317040995319644        1.0894294625057193        1.0102005560741034       0.77063695562082946       0.81198088534570356        1.0863104991971471       0.78239355557681123     
  0.57941542618628494       0.54570361717209748       0.77048837111326274       0.55792222468126884       0.76492821231103403       0.89413058166815973       0.59295423669977476       0.84768058006038827       0.92261472737346673       0.77899696069496094     
  0.97956205180929989       0.96744169604370522        1.2575917518904007       0.87770378617607026        1.0413308337504521        1.3025731690916811       0.97243598146557653        1.0015254399210751        1.1084451817347754       0.87296146225468019     
  0.62285075092661202       0.56877084555422996       0.78914721155354484       0.57887381249634540       0.77956314585992414       0.90060198330927088       0.60304679141543394       0.85689346359512475       0.92849834935123499       0.79504133053531356     
   1.1627570188598666        1.0884283390545555        1.0257397967321678        1.0589636362230264        1.0282999920261899        1.2092706214023119        1.1617663793487323       0.92360284805466852        1.0012139344643469       0.92322546207621081     
  0.66457128258764364       0.59167854404722231       0.80589612233505603       0.59884375609424800       0.79325518558723584       0.90727502203787469       0.61399751034726968       0.86633560826028422       0.93412358860358324       0.81132248658758721     
   1.2634799265692669        1.1351262201057075        1.0270312823990395       0.92602332785955344       0.99444617600274232       0.99457271090477395       0.94704283514855980       0.86843206950538099       0.86398774159426550       0.94365233943316784     
  0.70588892641544188       0.61652806120945314       0.82108828641302523       0.61914124182007080       0.80763418063281034       0.91369512057227464       0.62490279852749897       0.87581730475532438       0.94025989232529461       0.82741784198299306     
   1.1290382296532768       0.98938408148402601       0.87264105689799676       0.87288187296649600       0.80452952697096403        1.1676740851976239       0.80279675464581435       0.77170436942076626        1.0642563941746703        1.0410571117211609     
  0.74845046472700927       0.64430167883015454       0.83637509760497120       0.64063075700124439       0.82340246287605456       0.91962666471972088       0.63572334598555813       0.88523523232313672       0.94683530589654086       0.84445313684522316     
  0.85468007743338892       0.96951662132178207        1.0597773795137211       0.84883642870265164        1.0416802293371945       0.90449113916632351       0.78081360602234751       0.92403636078206142        1.0111899784579392       0.87685009246962375     
  0.79114781882192020       0.67530147104875982       0.85239179855234115       0.66477627473984968       0.84137783065575156       0.92517310278252429       0.64680364967477855       0.89469936781444692       0.95266775704067130       0.85995583920884100     
  0.81764132805491085        1.2279337921128868       0.98061245843943612       0.99159027288319901       0.71887129559632612       0.79448153264747678       0.96255744487456996       0.75489388455138628        1.2115335892447383       0.86623269543142156     
  0.83285651960892459       0.70816252991246942       0.86998237118507560       0.68879852505837602       0.86037313711198848       0.93052141847859715       0.65878505077458505       0.90410057735742710       0.95773281599018967       0.87574162996475224     
   1.1511040462296471        1.1496534620382584        1.0699944095444109       0.80234240061638407        1.0012450721167172       0.85234095982436220       0.75100490970957001       0.84043415712243508        1.0023271922302042       0.92105587907181985     
  0.87009905096384899       0.74337330920458000       0.88649013960964806       0.71620092710921557       0.87872296754175738       0.93621768884332224       0.67211805520416967       0.91411812307711193       0.96223021350692362       0.89174215444352645     
   1.0862376823132061        1.3884187757450228       0.91321594560378161        1.0504268275834294        1.0093521125949283       0.90777075396079732       0.76834230577772356       0.84451892539734130       0.87297887193279677       0.91948994331518330     
  0.90227418122556169       0.77677117529305117       0.90280403717065683       0.74694748428742108       0.89714325631753100       0.94220845838519462       0.68585229252677193       0.92460439711052156       0.96669249626499565       0.90830175042932326     
   1.2385518152787389        1.0121397843196731       0.83920539220285206        1.1371923826789214       0.95264062006046291       0.72518834505732899        1.1461976457034357       0.82031728992810327       0.94826256298862410       0.88655220175529958     
  0.93055665952506328       0.80618347327888629       0.91923406435305932       0.77922420665845915       0.91696853123180366       0.94813195542178275       0.70032630280572239       0.93526059187322386       0.97114379448044974       0.92501664080650647     
   1.3535672151458042       0.97181227997847353       0.87996612222467374        1.0140016765268938        1.2441425317932751       0.92594736569280345       0.59117156313347263       0.78431771953658713       0.92990261517989869        1.1130485901640714     
  0.95203831320405774       0.83554849579775492       0.93494754414059567       0.80845376286884874       0.93594758769699349       0.95408240269391520       0.71745845623740245       0.94616624711827679       0.97667400609244959       0.94036780355709404     
  0.72936850766321504       0.73333508218299848       0.93425091801005511        1.0877580861157046       0.86840599601291457        1.1277626858266367        1.0951233919145433       0.78988785989738108        1.1986401535263165       0.82676670740607228     
  0.96766512274509553       0.86681470722349241       0.95052540460121515       0.84195635958915549       0.95255367722168027       0.96120226722571012       0.73720199056783975       0.95721226810464477       0.98305677862778429       0.95398213949570920     
  0.69969217066034761        1.0240535536712589       0.81527986606469349       0.91023930640855055       0.99211638343604303       0.96921240947501186       0.83270090410266395       0.71266948870847580       0.99071590729230097       0.89709525711644289     
  0.98049487182315598       0.91100415681576519       0.96516737127847552       0.88228521311084407       0.96731248587030039       0.96861569070686837       0.76420375487678716       0.96910053583931310       0.98908928684592268       0.96889143960782220     
  0.68835925246490570        1.1639035569503071       0.74797153384655857        1.0737425302932215       0.71970127485171731        1.0563147483055679       0.74199764945739655       0.58493121008928328        1.0704826729010051        1.0481984606642725     
  0.99030976697607642       0.95469956596483729       0.98219277925956960       0.93589653042748799       0.98368095731644589       0.98250889813095299       0.82461058961619171       0.98226807856521636       0.99440056636568985       0.98441112981354884     
  0.63986662529452909        1.2928167688346428        1.0442399870560246        1.4692026601493862       0.88826062694881702        1.2328652144226833        1.0913228196060469       0.64718952071661462       0.92570431357475469       0.90353279506611917     
   1.0000000000000000        1.0000000000000000        1.0000000000000000        1.0000000000000000        1.0000000000000000        1.0000000000000000        1.0000000000000000        1.0000000000000000        1.0000000000000000        1.0000000000000000     
  0.89141254440439666        2.0852006534450549        1.1857932176455301        1.0646702410344235       0.83592041775743320       0.83321076742447464       0.60320552282966899       0.69059700321951523       0.85954478177566707        1.2129334144819168     
   25.771459813548056        14.960629732618521        14.281811339002759        23.794900609653173        13.230024901054458        0.0000000000000000        9.4436781126657383        18.227021609897673        9.5902864997102455        14.658356949954660     
   5.0152797853164222        14.043217016917559        8.8799296753277641        14.581062470393178        13.059846955929773        0.0000000000000000        10.791749711389569        12.027830355900450        13.248651075782796        10.945170375796192     
   1.5855925651874341        12.584945447882404        16.613331199322129        13.162951667723826        10.989599062496241        11.796370773729741        16.962431856431593        15.262748723291770        10.213093660805601        15.055920743617133     
   5.5853254370767758        17.169555840073585        14.403705072585062        14.808488025043012        19.793707607838503        12.032536344079221        13.548821599896288        16.621739805742195        20.073279155126471        17.943262737560499     
   10.286134171205186        14.006085782517665        15.414088942335573        10.685528786969819        19.153501663700958        13.228327520752247        15.553766263228335        11.989683229313396        17.382881709313345        10.206755720917890     
   4.4717976509583002        17.858268803683274        15.232112654874086        12.353331759257381        13.396328746335433        15.665096901599421        20.991500820824292        15.833931118833370        16.632804471165908        12.689751231218652     
   5.1051023055135669        13.297606539406399        15.308374144426480        13.221807269617086        6.6739964971043779        14.067933544001061        12.505698320598738        12.287778652741091        10.879493186315864        16.927398564689625     
   14.018731417001854        13.367905702772921        20.207753007699125        11.590422962101714        16.385020699519760        24.199999817830371        10.772878673895242        15.320406364413921        16.309567527382708        17.724771458505909     
   1.2171608540253126E-002
           1           1           1           1           1           1           1           1           1           1
   1.1052059137062564E-003   1.0234740355626200E-003   3.1826714317020631E-006   12.081791671958634        2.5213637934462336E-005   2.5232463125362914E-008
   7.9555298298321794E-006   7.7280396694688338E-006   1.2537135300874440E-006   6.6152361000175311E-002   1.2535863650212662E-006   7.7395617672515496E-010
   5.0000000000000001E-003   17.449077365394352     
